1000
1205143540
1913314300
170122499
273503546
440789967
1531530737
616339667
412072458
169180045
1063070301
1109621330
1228102502
415538161
1380486145
576378479
927687084
1737342890
269269235
1
647410371
672425225
1406778192
1280835069
586227176
1481009190
1780979221
902836531
478296121
511169479
1233474211
1598536906
1551044721
675240548
355943644
433763200
26808948
1680454152
1001655146
324830629
832525659
863626820
1670338238
781866674
1494068704
1453459226
1428134302
1452269428
1017130165
807204365
1424153700
222580618
1124133853
563060063
868551221
59960062
533562891
671732303
640776535
1681621587
1269274250
266983563
874026104
740195298
563562218
683456346
116930327
1839482087
356235432
1465426586
679646734
85711063
1387992675
86992109
907744993
1055536092
468503698
812977111
1723928605
49597724
1608341212
1196944474
155958052
1448810435
1166523137
1091385207
1851538637
257885379
977617652
827857891
790401731
759000115
1033105087
1522415551
506418861
194216207
1247273569
241594153
1620411481
1926241812
1088404148
840031027
1645725350
646897417
1789626037
243832370
211536634
1057434118
990233377
1960035819
1893762326
1966877028
38410321
861288622
1108129937
1311754341
1659701620
1537334874
1207280421
820820647
172116335
190095944
244923128
126268726
959714765
1340127737
1365605419
1020974752
1165157893
182089373
1468241474
1280912527
1988033165
1943212862
337410608
268213735
427070595
470337418
391997244
1802234790
1991904697
589229605
351869281
1526781666
1628763997
1722669898
1605257998
1472096988
1495624023
925858036
1478937398
927494994
467663001
1034785393
1185887766
1259414898
945312936
1733758103
212711276
1112244447
1868134150
1106197519
1627270615
192779339
1212670479
313102403
676761711
1602582788
1741474935
797459029
1849886680
489476670
1375356513
370889778
13815370
1782878921
1296340639
939216321
648854455
1874445735
1054812773
143577383
33337
241416143
293468602
422706071
577683021
327260104
1905085482
1544862547
735745722
364159809
1745859206
1596508616
1492784068
152224678
1791661976
31930688
1477388031
1971065147
1153625262
1392822694
1852821315
1237157486
1750168124
608052838
366094991
1210252776
72360869
910127845
1832025261
472790047
859230850
1933581110
871570298
1309054435
940648336
1630440453
1113558192
609126174
513084141
1925216251
536705941
1700774685
894481872
1264866349
1108753275
366746002
1357937309
338130167
225759503
435199438
1612954090
1843372310
1018933679
1854215473
1537559211
961158788
1121246713
1107460140
472209947
954761037
248584311
286224425
1609102610
672727227
134682110
732530867
763139209
1870724933
65017717
1265180836
516989404
1984688267
1440944689
116078870
727659446
40460975
723420881
187013351
768162649
1434314758
858803861
561571112
828888509
1396693663
801638559
920665534
1880174699
291401487
729309992
650466302
1960728401
1595854258
657636110
582849455
1573245747
1662995
1169522068
148219672
798754828
1678008302
1480598761
666203116
1844890207
1249081140
233937099
773601446
338060723
1621363512
1536943692
616260614
798108215
1577858668
1489663406
1831624901
128683255
808532497
825201038
1956616052
1618716475
728159575
1487145539
860191661
600780675
199777831
1960739583
920786725
1497814027
811370968
1149259707
480280456
1335643183
139564391
1106272940
1064646392
763558915
690300261
649743965
1469993717
500907975
931626924
528822418
1453158190
1980363943
474263015
536280511
274773672
1025962762
1892089281
740589826
785140564
1965471107
1630202492
1195883965
188357253
109305102
634021800
681619872
1319423121
1232882058
1731027435
1607169977
602721743
98120218
29884845
1609407129
308540813
1486121413
1190357596
1991097793
410682912
972370886
932377143
1428545180
8284582
1429727915
1212369559
1818662149
470856413
185156941
1791020755
1495387788
1463076913
1005286436
1064521625
265277267
1466080410
223042578
901465501
1994099303
1606734939
1077294679
1655983546
114498547
1417326401
277707776
1295305392
1312244538
1802723601
795736008
718733197
727108152
1159922034
17220026
1720977999
394671922
993006211
1237520566
406909757
94476398
1157332811
1184639080
753237914
87737730
1824568198
1226011862
858244048
1105358520
1654729180
856406971
281675056
377364304
1125404906
26418387
1197105460
362928857
1671956151
885421346
500680545
432003329
1161410122
39927477
1694342417
474536321
241792226
856650664
1198423869
737593026
1276951803
172004121
1588428514
1869112797
459762386
1469220245
1059242132
937201761
1531954814
749001808
1439918604
1299442168
916942204
1175202238
963539144
353036480
1829885658
1814994850
1335442869
997467150
500398747
1241815831
539036846
1134386266
705430085
1019969717
1063432111
177331760
1513947669
603004217
571339594
824557977
1795966525
1650449129
1944864604
168178012
1967954902
2
1939529665
1917578249
514176786
1046853772
1865291846
1367303480
1610352279
439009440
190641542
1544976040
402632019
1635173732
1416678223
1468794211
1768086431
1885299001
1407882642
746872501
1048266620
676898526
94063578
1539487751
889687569
333191435
771214106
1832751716
74423650
958847246
245816620
600027077
1898573557
65534223
471426015
865603970
639543630
1342599651
24997080
1738657872
1923336982
1656193235
1691186649
1213633905
497872540
1591181318
1087936431
374884529
1158987768
1202965505
312505109
1243090960
162364001
1676417375
1819784490
1836096536
1327657053
844284257
454438925
60525535
997728596
969763127
1911665340
609323992
568293410
281899561
352192651
1492953426
1757551013
1231407360
1683394032
232135868
1970760669
1470440632
1887460921
1041754316
1741156099
947561260
1231193793
608683908
909154381
1867284820
681084529
1331051068
772550388
756282029
1603360273
1384869189
1740412068
1002917338
1970110055
402819000
869723701
1839133615
59631335
176842659
488478010
919168665
436254608
1951249973
25164991
938073422
1108201676
1894268451
1095348293
1944375995
1035699717
1027579980
1575411416
672485607
1368304305
1707321502
533030740
1129563188
1209405717
335307531
79538707
1389065820
691362004
1481789310
411116138
1223711863
850802114
81400820
928840732
1091935728
625990785
772061776
1389356589
1696014344
1624017155
634146864
505130521
26214613
1217419572
149016159
1332928466
622450512
1490057703
665250843
428120675
786474648
1389299271
1134865625
633504313
249117887
1025938221
1435069704
928389966
1660579174
49317855
372131581
443275941
1386915666
1462380789
167406777
544805770
730308243
734755466
956071516
1892159503
352675856
1083693572
1830080316
657876163
538255945
1339297980
1600474033
970071232
1267940806
67520464
589409541
121736452
475026216
1522381344
1362818926
548163042
687258464
871146600
380111111
1459384104
1820022096
653279446
466904442
114795936
436497895
900798914
1006198978
1406386043
1365920749
1254871004
1544999800
1977440627
656624891
500388358
452181632
1237359571
205013409
1720965125
1987874726
1305839133
760415709
1369965758
666305241
1512716176
1555255011
177660384
1762203057
137233671
1243833862
849738222
1444296136
1134550994
656251138
1552835028
1709370750
1806861911
1710843258
1954684673
49922071
1920715643
826925990
259098800
80486670
1910979724
238703514
1482376616
514287199
1627941597
1716158730
664014014
532199444
1322520765
1262986055
1228716592
1678664155
1047664333
1839162249
1097546645
1480830559
1128953822
1665100352
880451437
228089114
191908938
446871165
1064391369
1022852245
485310565
1753237187
1561689076
1488590986
1607146874
900156713
459057672
956674313
1308873357
1705890630
728368350
982923994
1409823191
1360716167
1212145569
577842318
409541607
376733050
1331120193
275884091
1612256771
567893434
1302128778
928737441
729710740
1785397917
686824908
765699497
1739464791
1069794683
516890335
64870934
1444253778
325516794
652912536
902311400
422205188
723868769
1761046081
1304954849
83928067
167877290
720728875
14204149
378127175
122319667
831141464
1003600502
877669969
464517497
18570638
113081870
27444469
196076594
542677410
1138642491
1263566200
905796411
377546644
867633161
1931623557
735922439
68128344
1443838800
1297944969
590201736
379309472
888697404
853084148
1308913410
1986048404
42086453
1180749108
1715306365
1249973322
868624287
662001207
1293498626
905827288
1732343346
1934401451
1939763760
3
263628693
610748454
1386332920
623385414
20151892
1348721205
1493374045
1961442560
1827825199
482411410
1934752354
1274209239
1663441276
1670099089
1569832883
458222684
1948626992
739634451
1829990841
198639456
946352998
497565278
632499373
1589742101
1398567737
919068483
490650489
1052795047
966366045
339416121
565908047
765004001
174111907
1973612756
1408453063
1880902807
1804347000
413009270
1294024979
1020867829
67455038
517310623
1980794932
479140722
691492524
398515005
374779890
1763924587
52097993
979092955
248779145
673141621
792604752
703268927
1184926540
323834999
1558545832
453487242
643788360
1626850777
774149519
1752807127
1338958660
1585473307
1277349559
1396423069
363357708
1030734349
155457967
1684453638
489438813
1512277365
715051634
1981542699
1098035142
768709865
529863035
36
464624841
93302492
505953264
1042628326
242987227
1933267608
1783638862
214074328
1543829454
1607222732
1767630036
1838263455
1410479764
1929396635
673759199
190736897
1225433696
1137563393
1918127752
1721903831
1543125373
113409508
1404750798
1146224289
640413796
1266175507
1617853505
1293888906
1569583855
258748895
1547226976
8978294
1245502465
782192508
93545845
1403755428
1919565424
22479539
105098112
778298180
1837324641
1125339634
1385298162
1207590996
598863722
604345115
1220824570
1508219893
895443501
251498592
71427362
1433635594
998581751
274083019
489340313
1459080556
1470417930
1413750631
1595642013
652508617
1226786276
654262455
197849739
463198778
1349209358
421
319340131
264505964
1034261571
897771480
776976962
1444608985
129610624
1567987570
223462410
915896612
1576037982
950978667
901529920
1847128071
1330458068
913208761
113932365
933242962
989930093
1641066153
1626593972
1567776351
381462047
1146224013
1155930458
1290652483
873634329
282286259
507537172
1060306154
1944018976
258231949
1299117709
1308016081
1609074684
208177662
9028673
1390006284
249472212
1708967682
1515521095
1109420131
1922960724
1696472407
5349
784601883
968866070
1042017878
470136922
1621343534
360254915
901304076
1970589363
462146007
1811843329
447496527
695991001
1756000413
1226597687
1793284996
1667949986
520091960
1949453237
5824873
1439177423
601801859
1023876653
1702186827
583167335
199224088
1389454028
