10
8155 20
955 347 973 13 196 649 935 354 474 969 814 976 797 304 735 0 0 0 0 0
0 0

765 15
61 37 53 57 90 75 76 58 57 9 83 61 4 57 75 
661 14
65 16 17 45 4 86 69 7 21 62 98 78 10 20 
5720 0

1373 57
144 79 54 22 142 36 145 61 87 87 78 103 59 143 34 17 27 137 23 92 47 28 133 1 92 13 64 88 97 72 21 67 59 75 29 16 10 137 117 37 71 97 77 6 104 95 116 96 134 12 145 120 31 18 35 141 71 
1 13
950 421 368 7 291 625 736 230 378 898 246 669 1000000
10000 12
10000 10000 10000 10000 10000 10000 10000 10000 10000 10000 10000 10000 
0 9221
7504 7050 9405 5161 9116 7097 2105 5362 6313 3183 5039 2715 5488 4535 5428 6705 5045 8381 2582 2164 7764 1489 2814 3208 1339 2386 9317 5589 1066 7038 5407 9397 2546 8301 8702 4769 3502 3112 7882 308 1772 8247 8030 9672 7390 7619 578 1752 1210 8223 9458 5681 8636 6622 783 9255 8756 1105 4874 5419 7745 1574 5481 6822 7416 9411 3279 4741 9990 8602 4716 335 8148 4630 1264 7712 8261 3239 9117 3779 2415 4268 2197 6456 7882 5697 8693 5077 3411 4071 9582 1969 831 9324 1212 5139 5658 7281 8910 2782 7687 7450 9295 9040 4549 4700 2240 8547 400 2828 8959 4366 2604 3721 5027 5943 8576 3974 6651 8773 5859 6166 8419 864 6229 8030 9461 2388 8669 3576 3918 8931 4531 7344 8007 2599 4256 8547 4418 4427 2241 6173 6286 7292 2657 618 2874 2005 8874 4453 6235 9903 8268 3634 8625 964 397 4044 3176 8866 6786 1266 2959 8000 6717 5234 1978 2668 6893 8592 4878 1765 218 6337 6138 8632 7418 7730 3650 6586 1841 5840 6363 5103 3060 3354 9696 9732 4759 3394 6141 4176 6821 542 4823 547 1827 6500 4799 3515 3102 7695 542 801 218 2704 7255 4315 3579 7587 4529 4045 4660 3739 9249 1279 9917 9490 2735 9347 8840 1023 9404 2296 1132 7734 6590 3290 6327 5225 67 5485 7477 8480 8650 9024 8782 9665 5287 5905 8437 6602 4777 515 2063 9464 8865 447 5395 5948 873 6960 3274 3620 3937 5606 4115 2535 6309 6956 6699 5590 8171 6111 9297 1959 1141 1867 5095 8350 7887 4446 8206 7694 4943 9017 3542 4364 2943 2595 5 1749 1756 6329 7050 7480 9104 3305 9294 3808 9191 2506 5105 1935 9531 5958 4200 327 3459 4212 9297 923 7492 1320 4252 7928 4631 1288 5654 3227 4292 1862 1103 4614 6279 6976 504 6646 5992 5448 7293 2297 4643 8692 3372 3756 3030 5633 2292 6195 7813 7573 3750 383 2401 2350 6948 9477 6203 2698 4145 2257 6636 1587 7389 7965 606 3709 3629 9730 8878 9007 4382 2458 7455 1845 4332 2196 438 9175 3933 5821 3911 5238 8467 4809 8213 4117 8690 3518 200 8193 4287 4332 4774 11 5552 6905 2574 926 9787 843 5120 3647 9926 55 3371 9928 6095 5221 4508 7047 9638 8653 1388 5241 9118 1949 9567 3663 1683 6231 5164 9189 1949 3816 6078 6408 7425 9223 9834 7935 1859 2544 9057 3113 5451 7919 1486 3226 6842 7216 655 1731 2874 2737 8912 6849 2828 6528 1794 5629 4748 816 6365 7329 1641 481 621 9058 3814 2868 825 1729 4344 6679 5940 5787 9163 9479 1204 1685 5838 4394 4911 9303 5483 1501 8828 9570 2789 3106 7256 9594 8635 3232 9972 786 3421 1263 1441 6800 592 338 5714 3176 2430 638 6675 6439 7480 5754 3490 5780 8479 5900 1706 8280 2828 5714 3936 1198 3597 1659 1692 1168 34 7932 3832 5225 5056 5402 884 757 1909 1473 295 3210 5060 7013 7379 9496 3297 3323 5171 212 2955 1953 8595 6683 6016 2428 8062 4385 1418 3200 1311 5449 8955 8054 1601 4861 1671 2794 2784 1527 3453 6387 2951 574 1363 4665 1474 6436 1276 3760 7435 9045 5511 3351 6889 5607 7921 3562 1902 6160 4768 4965 8937 6795 9442 5117 7402 8869 6813 2135 1276 5045 3321 9789 9 5728 8293 4744 4770 9712 6684 3031 6410 7674 6124 1258 2633 7920 7218 1472 4178 1067 8787 8528 1290 495 9511 8856 3564 8713 7173 526 6293 6436 999 336 8948 1259 7330 5035 8732 1201 157 3148 8335 4115 5735 3785 5678 511 7492 3449 9530 833 8787 3825 7117 8135 2179 8652 3276 4155 3451 5010 7626 9301 5802 3212 1752 5850 646 5796 1010 4431 7896 3418 9124 4495 2208 5713 5831 7707 6351 5170 659 3664 9702 8593 8464 6445 4097 9915 4144 1530 8083 5334 1691 7749 9295 6817 3041 180 6445 1234 9391 1962 1013 9800 8565 260 3503 5090 2550 9844 5170 9292 9239 9675 826 7810 7850 4444 235 5974 5295 3847 5887 9738 7295 5877 683 6863 1736 5067 6668 8784 8002 2293 215 8110 4088 6163 5322 9708 8881 6066 6100 8841 1176 4575 2127 2540 787 4340 4335 4305 9299 6639 9596 5844 7143 8263 9230 7420 5172 4397 2431 387 2172 3026 4133 1788 8205 8802 6857 8116 2304 5814 8472 3533 1671 2795 1590 5601 7332 3776 1463 6514 6516 4430 1271 4073 1387 1972 1586 7911 1440 1138 4471 7986 8957 9134 7789 2990 6065 2427 3664 6897 1974 4297 755 7706 2795 9416 5039 5560 3321 1089 8895 9374 652 9014 6128 2616 6537 271 1811 2204 2735 6890 4577 4301 4973 8515 1791 8185 5262 3049 7763 9644 9033 5911 7228 1587 7742 6572 1263 8876 2909 4427 5744 4638 682 1076 6960 7630 6985 4604 1565 8126 3539 3667 4316 65 4113 5324 7242 2036 8753 4790 7456 2311 1174 7015 4170 6258 7496 10 8490 3795 3812 3989 4068 9082 987 473 6358 8895 3755 2654 8272 2444 3846 6495 2954 6074 1593 4853 3281 6474 3910 1326 4867 4055 2479 6565 4275 3199 9875 2079 9484 9002 8815 6562 3151 2697 6061 4720 4984 3235 153 7600 33 8780 2162 777 1983 7372 4670 7422 4237 8152 3582 9990 5196 2447 9599 8527 3681 1029 5153 1691 4612 5769 5398 6740 4985 679 9020 3863 8409 7447 2788 4143 3619 1182 8990 6999 5950 988 8076 8346 5805 9067 8062 2305 88 3870 965 1837 1769 6963 6152 6374 5361 6695 6987 7703 805 4254 4349 6496 5873 6039 1787 8289 6968 8094 6458 1780 6651 8759 3727 5795 175 5955 2514 9007 7010 9811 2161 8382 8408 2384 2780 4796 1966 3879 9254 9973 1239 2857 1225 745 7554 2124 6786 9766 8482 8249 6785 5804 5012 9274 1468 5692 61 6971 2337 6984 184 5786 1451 2979 2118 7854 9579 6611 992 3308 9611 4389 5568 1023 4913 4787 2094 3995 6634 8602 4886 3333 1320 1474 1775 1815 5326 8749 7579 4702 151 6709 7835 9931 4257 5503 121 5834 4250 8747 5700 3710 8628 6171 304 5424 8998 836 481 1304 293 4587 9212 5054 8476 3508 3273 2562 483 4117 4727 2339 8958 7514 7478 2379 3420 3505 9853 7846 9766 8835 7834 759 4353 1271 7559 8859 4555 2504 6660 3526 1139 2998 3871 7099 4851 3212 7241 5181 9078 736 810 5414 1818 4079 3776 278 5310 1424 4570 1368 1513 5835 4838 907 9802 4969 1700 4510 2982 1613 1433 6408 6152 9222 16 1117 2987 8636 2155 1668 7777 7400 4762 8107 5939 1717 4752 2326 7910 334 8819 3530 8385 5459 5649 5020 3965 8330 7382 261 2338 4655 5011 3559 4250 4921 6757 4639 794 5319 2587 7640 8074 1858 8167 3931 9264 6184 2069 2957 581 4156 2705 2191 2150 3786 8146 2847 2914 4675 3369 1943 2017 1266 8906 2981 2382 6139 1588 6694 9628 8273 7967 2182 6137 783 9069 2473 6435 1333 5923 3544 7221 142 5761 1476 9060 7724 7424 4330 590 7581 1372 7177 2533 6720 8832 979 3413 6505 2318 8505 8072 6096 8569 275 3473 2589 7752 657 8124 2319 7849 5593 792 8412 8805 2340 2692 8197 6798 1188 3028 3381 7128 5704 506 1739 8304 4465 8562 9174 8972 8302 1119 7515 6980 9742 2389 7803 4467 7459 5242 2470 2231 6877 1775 5871 1521 6513 8808 8238 6420 3828 1509 5032 2665 9737 8901 6477 3692 4404 1110 2650 7132 2376 8460 5606 827 5996 1916 5634 3557 5964 7649 7893 3161 4199 738 1334 7267 3658 6896 2208 1775 5561 7598 3048 6858 9143 9481 5308 4133 6400 4890 8694 7578 1810 9680 9772 7419 9368 4974 7694 2830 5695 5472 2372 8293 9011 5203 8588 5470 6280 7716 8521 8607 4956 557 4378 5852 4044 1105 5517 1373 8780 1619 8769 4690 2688 3291 5502 4559 6951 1648 4465 6812 4469 3987 7854 6478 3865 4318 3984 7054 3061 9424 5556 6328 5621 7681 5255 1759 4974 9444 2946 2767 3823 7307 8749 7349 7727 8200 7813 7872 9494 4903 1165 8134 1234 6323 1934 4697 4004 1230 1877 6767 7215 1576 2485 8017 7885 9303 455 7734 6955 3583 1781 1413 7422 2759 1885 8568 7921 5650 5792 7943 859 265 6112 5207 6372 4381 1230 3165 7663 6334 6114 7872 9621 9041 9835 2169 9811 5410 2928 9683 3695 3922 9280 6760 365 2595 3877 6658 9758 9181 511 1917 8745 6937 8376 6862 6679 5358 8688 9758 8622 3862 7617 8059 7179 5237 8799 93 5814 9403 339 7984 7661 6591 131 2619 1677 7058 9543 1700 2307 9918 3535 1403 1865 4147 4253 2102 50 5439 4316 6401 7640 1327 9061 1070 2464 2406 5178 8484 3833 8967 874 6832 716 5500 7147 7491 6810 141 7036 9433 2492 5978 9677 9905 9478 6204 3048 5347 527 4220 4902 7893 182 1017 9938 8927 9501 2231 40 7604 2257 3567 7784 5285 9332 5781 3667 8478 5591 8657 9579 6875 9140 5744 3274 153 5303 4995 913 3799 3802 4366 2036 9121 5042 7495 9228 9509 4193 1217 7951 2399 3854 2928 3597 3371 4833 8133 6995 1601 5616 1470 231 637 7349 7435 1504 357 6001 2553 3654 7018 7309 9303 6584 8005 7767 1119 1058 9905 3151 9111 5849 4127 5908 9098 4383 5752 5345 4293 5044 7129 1100 1313 3879 6200 3936 6565 4693 7937 4252 9534 5775 8061 637 1131 4578 2187 9167 9100 4969 6317 3372 8035 1851 1024 918 8010 8362 7230 6554 407 2098 3745 154 8965 3542 6959 5202 2057 9216 619 8001 7343 8401 3855 7791 9937 454 6444 7623 1624 8739 9829 9540 6928 6747 4877 5388 6636 1448 2542 3491 3546 6473 1014 2028 359 7244 8095 2138 1926 2376 6503 1343 1893 5784 309 187 7907 6993 8135 9586 5151 810 1284 9475 966 7192 8648 7827 3251 9431 4430 7626 5066 4041 5461 7633 2707 6840 8579 7022 1684 745 2705 7445 7211 7205 9405 7559 4465 3974 6681 9148 8478 1355 19 5335 8889 6526 4437 8032 9609 4221 5621 7978 7691 1014 6693 306 6340 3273 9515 3301 5318 6894 239 5133 4296 9468 9331 28 3106 6794 1382 9439 63 8127 3657 6046 1824 249 3532 466 3402 6371 1487 1421 3707 707 7092 269 6295 3031 7605 5059 9875 1593 5211 2456 6299 1592 7457 5738 9679 2711 3356 5400 9941 1598 235 9988 5547 562 964 9794 6031 4213 6977 606 4421 5566 7344 8932 1237 4850 1426 4722 7047 7290 6304 9475 9260 505 6031 4625 4587 7803 3395 6337 8082 6956 5868 4929 5033 1231 8645 5700 4283 1412 4408 9114 6417 2276 1303 63 4577 7652 8754 614 3673 4817 9014 9948 4512 2744 7107 2902 8392 1918 995 1794 1685 669 2618 2938 3397 3096 7787 6088 6177 7658 4825 3027 252 2909 9988 5713 2849 6912 9132 3069 7990 2736 4215 9584 4550 968 2667 8754 2761 9750 6168 4688 6266 8337 7479 4041 3469 6201 355 6059 5937 3902 8837 2572 6852 4484 2586 1041 2482 9320 1729 9046 3826 1789 9579 6292 331 5150 3314 7852 9826 9352 4249 6524 3860 4715 2118 170 9719 5265 7279 3494 1281 5921 6057 3917 1362 1303 7075 3459 3638 6427 3913 7643 1309 9763 9113 9884 9402 6584 9596 5147 4201 7139 6858 8045 2495 9138 9135 9756 921 4595 450 8659 4353 1860 1915 8375 1678 1059 7267 3273 1905 887 2627 9811 3846 5390 1849 4534 1680 7660 8738 9619 7498 5210 5585 200 1295 391 7344 7531 2969 5853 7599 7636 2484 9726 7289 1951 4743 7081 6823 9532 6066 1116 4612 738 2920 9241 2715 7193 5342 7998 7784 8374 7639 9527 4327 8580 8910 8198 9548 2539 9425 5873 1473 5477 6857 5787 7831 9894 2971 4014 6707 8838 3914 1963 2072 6755 3981 9124 6388 1268 1981 7620 7537 2644 8457 3806 6252 950 3687 9008 8746 6525 4534 9486 9561 8950 5949 3092 2271 8205 3506 7 9158 7572 2922 6650 5972 740 4476 5976 2738 7936 5267 7865 7625 5713 7939 3577 1968 2469 5922 5043 8084 2447 6249 177 4855 7237 114 1870 3392 4617 4487 693 1912 9979 4267 9309 3148 1386 5913 9397 5231 4242 2268 4945 8727 9028 9907 6707 7009 7226 7877 5879 2309 5626 2626 4496 8317 5448 4702 1845 9957 8383 5784 4391 2578 4254 4512 471 7490 7699 4675 6203 9618 6978 4490 983 2141 5479 4161 417 4553 4730 3596 4257 4733 7606 8034 3167 2432 4731 5231 4186 6280 7119 3337 8632 6772 497 6501 7260 2185 4687 2931 6637 5847 9537 8689 5562 2535 9711 2712 3247 6355 7051 474 1978 5088 9079 5690 6172 6599 8686 9972 2850 3143 1379 2896 5490 8855 3627 6852 3823 9082 9985 7560 7513 7977 1798 3800 7250 3251 5633 1822 8264 108 2597 7273 2409 2253 6578 8663 9070 4073 471 9052 4965 1826 5955 6550 9557 8174 5165 2616 320 5702 9027 6964 4129 6524 9440 3910 3821 9547 3398 6534 4817 1206 2755 1743 2471 9497 7876 1795 9972 2505 4654 9534 2424 1250 7504 310 352 9780 973 9160 3465 5189 8175 918 1581 3475 8477 8476 5153 5679 9740 7665 94 5889 3688 2691 3670 6724 4572 2168 8369 1343 2551 9603 7270 8806 7394 1484 4898 1473 2493 8550 5960 9256 537 4946 2756 3838 1218 5342 3908 2725 1313 3807 5360 8149 4384 9402 4721 2175 7744 1368 7578 2789 7557 9686 5516 6456 6078 2867 1233 2799 7187 2157 6739 24 6536 2403 2033 7974 874 8957 9616 6858 4308 4228 7010 4744 8408 7949 130 3639 1768 1276 6477 8306 7916 3341 3371 769 7316 9026 1311 4134 3593 4686 8042 7428 8160 5741 9603 9870 2796 116 8413 264 6715 5505 3023 4644 4224 4627 7111 2042 9141 5778 9101 7289 4613 1548 4254 4981 8902 7372 823 4735 5875 3264 3317 2336 8157 8370 8275 2503 6475 5259 3106 8839 7015 4510 937 5446 1008 125 6206 1825 9558 7585 4084 3404 6953 8998 3512 8223 8815 7769 8086 3102 4059 4586 6641 246 8348 3553 5816 8781 9762 1669 5679 6331 4411 7620 9338 9953 2048 3505 3747 2532 4541 208 8805 42 9407 4735 7632 5842 5279 5708 6215 2424 1530 6457 8488 2574 7288 5900 8921 3647 5130 3145 7808 8168 8687 4118 3244 5559 949 1068 6868 7301 1068 1851 9168 1679 7954 5065 5095 437 7489 779 3738 1892 5359 1218 9487 7525 7861 1105 9366 7169 3998 2718 8085 3237 6990 1870 7270 1195 5328 6523 5185 6772 4242 9882 459 4544 6906 999 2799 9868 6008 535 4268 3999 9896 1067 9619 4103 8147 4319 721 9014 7572 5311 8764 2462 9744 9087 371 9306 1349 4580 6317 4488 5230 7232 7964 6485 9481 7483 1816 9846 4336 6338 8429 931 183 7989 8158 4867 9950 8692 7302 3698 1470 3674 1596 4221 5531 2484 8654 5410 5800 9693 5331 1862 4273 4717 721 2421 1619 7703 6081 3367 6747 3940 5778 2499 5094 8803 5456 7837 5129 7820 7554 3326 4638 8852 5642 7930 6247 628 9716 3017 609 6388 9933 7285 8033 9631 3405 1573 2532 630 5958 9616 1615 9543 3288 8936 3310 7363 2841 2263 8753 8815 1 5213 6348 3272 2675 2547 5515 7629 4817 870 5915 9505 5480 2103 5892 5764 2730 1061 9270 831 2403 1897 3885 7395 6878 6935 7019 7884 1175 1314 7777 5851 1611 4250 3807 7392 8364 6372 1829 6779 6930 9457 9514 8855 9076 4562 6666 5056 9064 4167 3989 3964 8882 6063 3587 7520 1392 7239 9364 4791 4734 2978 4921 5136 8580 9300 238 4448 6552 6186 2758 3302 194 2787 6629 4372 812 3961 9643 2814 1519 4753 9367 9545 4214 7353 3109 9094 9126 215 6973 4770 1414 7422 4752 4415 8920 6964 2649 2872 5608 1008 3932 3880 3241 324 4894 5526 8418 6971 625 6407 9184 9258 884 8033 9197 890 3179 8427 3909 2140 3320 2755 7971 5627 202 1319 5715 5978 2811 1464 3948 1015 3963 75 2556 2620 2756 9854 1109 3401 3125 9637 2345 7886 345 4904 5190 5516 7487 279 9554 7249 8231 6284 2897 3866 2999 5709 7046 2152 8843 9060 413 5876 813 8734 8343 3157 9977 9863 3787 9846 3090 3323 264 7843 8553 4369 1525 6939 2853 5840 3619 2990 3090 3589 7135 4353 6297 4174 2706 346 3753 9770 5325 4130 7668 8297 4254 7150 6562 7264 2839 7571 3298 7560 2452 2029 8643 1563 6515 689 2578 8270 5535 312 8544 5390 7934 1424 5485 2872 7581 6123 3819 8700 6088 714 2636 8572 171 8108 7062 7960 2115 9348 4424 7147 5426 3075 5341 2700 9253 6453 1057 1445 9428 6068 3241 7909 5196 2200 7754 203 9967 9986 8921 1052 3907 6001 8219 2004 5061 5927 5454 4722 4877 2514 4642 2363 7888 2694 3531 449 3447 3678 5089 336 3689 2145 4461 8749 8885 8093 6816 864 1849 5678 23 8983 5944 3538 1678 9089 1554 7852 4224 1908 952 20 3052 8623 171 2458 3115 1446 7858 950 1976 7268 5345 1762 9851 9435 2122 1419 773 3863 2750 2520 2406 3050 7183 5381 1751 2380 2268 2988 4637 542 640 3317 1045 4384 4596 436 3968 371 6141 1923 1252 2442 7510 3116 4651 1054 3260 6676 6359 261 2665 7667 286 5430 6166 6073 8890 7296 3654 8084 1970 1810 9757 9021 579 2423 5019 7195 8414 119 5521 4675 7760 4188 8934 4606 1781 4021 4398 1798 4590 1087 1986 3473 5834 8866 1876 3509 6965 8053 3383 5408 2869 5072 7788 2420 5925 8534 9463 2072 2228 2269 1465 9492 2466 7499 9148 1782 7418 2245 9227 2240 1006 3446 2886 6076 7698 8649 8701 1662 8933 187 3164 804 5990 8692 2393 9590 622 4799 7107 4494 263 436 3029 9710 750 302 423 1891 7732 3977 4340 9866 2957 1078 6293 8800 3351 5685 8989 6425 1074 4967 4126 1706 8941 3476 1270 5544 6349 814 9000 6401 4143 450 5626 5230 3948 9946 8409 5040 9398 8002 6680 5920 1386 984 6976 3223 1888 7152 7036 2365 9447 8038 3597 9979 4879 3157 4580 6109 7616 2640 5135 4114 3454 6790 8378 1337 274 9308 7770 126 9626 7537 1787 6122 374 6868 9754 5029 8526 2101 6189 9667 8538 7458 4668 5998 3408 9443 4325 3878 547 437 6130 9287 5522 3010 1484 9705 6217 6601 3075 7793 1413 9956 430 746 9441 4957 2694 288 1681 9918 7957 4302 5902 6247 3472 599 8929 7513 4465 8510 4443 714 4743 4010 5951 3637 9668 3745 2634 2442 3096 3075 5558 7386 4687 8805 4933 1557 628 5389 7019 8978 9721 9744 1386 3001 8495 3501 2235 6897 9861 9074 9028 6823 839 642 6474 419 1269 8219 6691 6762 7124 5018 8501 1795 4137 997 3277 9932 7560 5269 3791 4299 5807 2817 7045 6942 9241 1522 4094 9006 4048 3313 8013 5366 3301 382 5186 1791 125 6591 2340 8291 5872 6732 7877 5066 2646 7480 4679 8421 2348 7283 7486 9290 9060 3236 3970 2171 8281 3533 1239 1578 3919 6429 2498 5833 3937 6131 6809 1994 4423 1624 7783 8925 831 6377 6092 6400 2701 6535 7689 769 209 3483 5942 46 6061 9516 5833 3896 7595 7547 3047 5807 8192 5804 1186 694 9860 9618 5698 1157 7282 4275 1195 3558 6142 8516 9495 2913 5495 1808 3937 5386 2701 989 4790 3914 4983 976 1209 7358 6532 2183 5866 6501 9615 308 419 6420 7154 3246 1212 9707 2271 3562 5800 9521 8541 88 2608 5991 1850 9850 3508 9434 2178 6491 2135 4448 5603 7358 5409 9700 3371 9092 7076 3798 7742 1575 3992 8568 9554 4419 4297 4419 3000 683 7283 6527 7721 5550 1810 9422 9446 3365 1965 2578 4227 9629 5805 4219 7594 3637 7282 7893 2167 9373 1963 5176 7307 4798 8343 6517 2664 7338 8560 3006 3153 3517 7422 2159 8868 865 6592 2798 4927 5057 8273 4975 7437 4912 6265 7408 5711 5693 6523 7538 4972 5704 3839 7846 8069 9943 9539 2825 2713 9708 5886 7142 4387 3609 7780 7198 6980 1779 356 3944 6935 7233 6510 9863 4222 1539 101 6362 7026 7288 150 6727 5805 8058 7162 8922 8011 9610 113 1027 107 5463 3844 5271 6418 1484 3464 9527 9353 5403 4190 880 9226 4191 121 6851 3067 5350 1569 3972 9258 8282 7346 2495 4641 7590 4791 7132 6561 7380 2561 3951 497 5343 4126 624 6040 759 5079 1212 7788 2651 8990 9506 4386 2509 2984 7080 6617 4464 651 7713 9902 6346 6201 7319 4665 3716 3227 8591 9685 3402 9485 5267 3425 9310 4755 1948 8224 9140 487 1037 4495 9883 5505 3755 907 89 8698 862 4831 1395 4923 9643 5495 9297 2 2955 3997 1273 3928 1022 6300 1619 1289 824 1881 8562 4833 1364 8163 1385 3541 1160 6027 2225 8800 3246 8679 8595 2022 18 9290 9777 794 2310 4448 3210 3036 4932 169 2160 2822 297 3117 6068 1024 2130 5807 9939 8788 921 2520 2799 214 4961 4047 8925 26 1431 5818 1299 915 1342 8397 3294 6880 2868 7099 4202 9673 1472 1225 8252 1450 9879 2231 2968 1789 9953 6934 8310 7555 9526 6435 3489 9980 6513 9085 4700 2652 8866 9292 5533 4747 7725 4244 1172 6610 5130 1615 7733 1609 8659 4202 3361 3174 1752 4515 6605 9701 2173 2827 2978 2145 1103 1953 933 1746 6169 8484 8082 2487 6628 2253 3992 1764 3809 4242 4565 6579 6702 9732 4757 6838 9747 8391 1970 2511 9376 9163 7587 7517 840 3047 8405 2826 2717 1417 5078 4788 9157 6554 8945 3867 2270 9588 8329 6080 1256 9691 9807 5263 1627 342 9997 1144 471 1197 6485 7579 8808 7511 7563 9119 668 5230 9598 7172 96 5092 7138 6508 6975 3578 5815 2704 1822 4781 9614 5706 2218 2750 6476 2715 6195 7629 3119 6603 1343 9479 9591 7991 3009 7228 5065 3343 6230 5464 9822 9347 973 3126 3172 9020 4053 1160 9669 3198 5722 8473 7404 4446 2639 1600 7726 7023 2411 5145 9272 8974 8046 1129 7833 5195 7927 103 3507 9208 1644 2443 8184 7322 7446 3136 2205 3226 9167 628 6792 8858 1073 2200 7122 3954 4538 2760 8138 9650 6318 1677 110 4217 644 4497 296 6437 7267 116 2635 4586 9828 1191 7164 1095 294 4200 5200 7146 8078 3034 4311 8444 2061 4329 3160 9842 1824 9833 5447 5538 2938 9333 2237 8786 9304 1301 5975 6515 4625 8609 7586 4705 9524 520 815 1941 7313 2940 3482 868 4664 2640 7114 4366 1109 6442 6790 7187 1222 7638 6258 7900 71 3159 6352 4174 6780 1672 1170 9022 9233 8605 6403 8608 3557 927 3803 8432 1333 1203 620 2359 1006 9572 6143 2368 4813 5671 9476 1763 5315 5681 8481 3683 3091 61 7264 9189 8342 3227 2284 2278 5266 3981 6249 6063 5704 9010 3983 6393 4681 955 7402 1282 6881 6313 8506 8744 3934 940 1379 163 8453 893 1905 8683 202 7204 1762 4571 1867 2824 2982 5319 4910 4379 8151 6922 8553 7877 7259 3621 5442 2831 1987 7870 6327 7496 2063 6357 8836 2219 2934 3540 1815 3244 109 642 1506 2010 6965 9581 883 7983 3258 3542 1659 8693 888 5490 7414 5860 7122 5132 5466 3521 3417 6008 8329 2750 3074 2845 6828 2292 6121 4547 4977 3024 8389 7847 9345 1187 8887 3749 4254 7131 8566 3862 8088 7234 1327 515 4613 363 650 8139 8132 888 8969 447 806 4945 3109 1171 2867 6884 7123 1615 8032 7562 7492 4768 3079 916 3080 6036 6096 6320 9314 3884 1027 3406 6324 6228 503 6207 6483 8930 7786 244 3824 804 5177 4770 9889 2123 8263 5997 715 7078 6717 4975 3292 1978 9447 1901 1752 1719 4650 5121 7913 9291 9507 3645 6416 9509 5686 6867 5573 5184 3467 22 4882 8433 4830 7789 3226 2734 9465 4264 618 4683 4271 355 2789 8937 5203 2244 9771 3498 8611 5662 2338 11 9493 9041 7270 3227 6681 6750 2128 2534 8185 9875 1332 8142 3966 4838 9358 7589 5936 6349 5168 2432 1276 6782 94 9317 6211 4745 341 3446 9332 6964 1546 9808 7954 3772 6433 5436 5432 1301 8750 4395 8533 5564 1780 6456 6848 2087 9328 8940 5608 7825 3880 8804 7067 4706 77 6617 812 1781 818 981 3192 7236 7604 5801 9172 8506 3334 5935 4614 1517 848 3543 4527 3478 4008 6470 3575 3095 2470 744 3865 2568 1079 4830 3421 4554 783 2667 873 2813 27 9140 4521 9876 5823 7886 4243 4049 8824 1142 6783 3887 6218 6193 6250 5527 6125 1381 4465 9531 6617 8496 3892 7425 615 2434 5134 4152 3861 2677 2473 6697 8754 4925 4889 746 739 91 7493 7466 1722 8171 845 6290 3116 4610 9262 7204 5309 351 5116 5885 9478 3947 1903 7103 2036 1208 9865 6341 4801 268 681 7956 1968 8385 9550 2955 2457 4573 1623 4834 8403 5339 5575 8546 4535 8723 4800 8651 1809 4629 1646 3419 7027 5885 2621 752 3974 6466 5821 3109 6506 7599 694 1295 2539 4463 7252 7581 8968 8837 3269 1893 9972 3029 6126 1927 4229 160 8154 6667 1616 7593 7582 842 8430 3503 6563 8040 1377 3608 4191 7507 2517 8275 7171 9625 8651 252 4399 1517 8689 3434 8374 2782 913 6362 3554 5744 7138 9521 7978 4078 8840 4948 225 2248 2653 7824 9528 7486 7116 1430 5031 8803 5811 4808 6139 677 2892 952 8336 6540 498 9450 9619 8467 7897 6114 1730 910 4124 7396 8219 8358 4479 9192 815 9507 2551 388 1177 1230 1 123 2557 5898 7294 5949 9614 3588 1636 1814 9569 3249 5912 5269 3475 6723 2333 8829 7210 5336 3959 4751 7094 8882 204 1876 1177 4054 6337 3877 2493 8127 9104 42 661 5010 6431 4954 2834 3512 938 3188 8309 5568 6364 293 6383 5188 5868 4247 5257 8199 380 6588 2997 5012 9577 2818 5347 1400 5550 6672 4214 6853 1084 7746 4198 504 5683 364 7665 4274 3161 8669 649 4713 2016 7286 2912 2927 5214 2155 6149 3204 7472 1476 4216 8648 6339 1330 1272 3746 2983 6964 5154 4805 5867 6928 2469 665 8063 591 724 2790 7785 3082 7111 76 2439 5052 7822 1162 8953 2691 8403 5472 6863 3040 791 2996 5910 5109 2463 7064 2167 4853 7922 9927 9658 7233 1302 7386 5541 2126 5817 6982 3066 8591 6297 9753 3388 8728 1118 5868 47 5274 3168 4472 7994 9595 8440 7877 1658 4616 1863 3032 4864 9853 9834 9606 2503 4950 3121 1600 7284 6372 2829 7101 3979 9113 49 118 8456 5977 3451 8850 5013 2608 2011 4034 1761 2157 3867 2763 5389 2511 6397 4832 1818 9233 3674 8006 7302 3736 2824 7203 463 3319 6031 4155 3855 6668 3120 9449 4049 3646 3739 3191 9076 6875 7579 7623 4415 685 8699 3939 8955 3547 5855 3933 378 5949 3247 119 3720 2729 944 9607 9024 6794 7171 615 4781 4061 829 8766 439 8855 7458 1212 9532 8004 2060 2082 4092 31 1686 1918 7648 6711 9991 1470 2656 6655 3279 5590 892 9854 6174 7595 624 2918 253 6901 5841 7650 3600 8517 4005 492 3311 6002 8820 3936 296 7851 1927 188 3838 421 2593 5427 222 5875 8293 3701 4635 9824 6671 2528 2548 7809 3144 5882 27 2426 583 9698 7908 9447 8754 5411 8966 4922 2560 8817 9765 2890 5172 5610 5833 409 3458 6337 2309 8555 2104 5612 9065 2207 1498 2160 7850 4391 4893 6945 1130 9988 4789 987 4870 7289 6683 7454 9622 7069 3573 5590 8197 3342 7919 8807 8212 8771 3161 9333 2642 250 9492 1159 3135 3878 4623 5007 7935 2458 1106 2785 8914 6874 3168 7280 1026 1401 1081 5161 8763 3975 1408 8059 7535 8313 4187 6945 8177 3962 286 9278 7872 9510 5620 1615 4994 5705 148 3604 1219 5495 4475 3963 8896 3319 1834 3537 1839 2455 5113 3728 1167 8718 394 663 4609 4269 8541 8771 8173 5440 8556 7757 648 5218 9246 3741 4191 4703 582 4009 9421 5832 5410 6229 3221 1742 2908 4705 1160 6315 669 3446 614 7057 9424 5759 3306 9441 9991 1520 1456 5108 10 6460 950 1254 3055 2705 5515 1119 810 6144 1041 9690 4870 5660 4651 3438 2971 6193 985 6455 4784 90 1393 8012 9907 1540 913 9250 3010 5834 3047 5479 4250 491 1111 8809 6975 7510 6739 2169 2275 275 5958 9545 9976 4501 9801 7909 4945 3701 1232 2012 6175 7262 9333 3916 7172 2689 7760 4322 3492 6788 8402 2096 6473 1653 3976 6051 1845 7590 1056 6208 8424 2680 2772 5870 8362 2686 7780 280 9834 2348 7544 187 8656 2755 962 4787 8530 1351 903 9140 833 8107 5936 3162 9109 1478 6823 1445 2585 3541 3925 5122 284 9306 836 18 7421 8794 487 5899 1662 7322 2485 642 7324 4639 6061 6020 8541 3161 4206 1248 7386 3965 871 6877 2415 9756 6977 4013 8144 782 8667 9949 7763 6460 5103 2920 6744 3891 1781 5021 9738 2552 8710 6372 3749 5376 9816 4453 3766 678 1369 8331 6316 3828 4225 6606 8517 2494 7937 387 9846 6655 4588 928 1912 8762 5492 6886 1432 3719 3413 2540 151 5770 9143 7562 581 7887 160 9756 7935 5229 2419 7376 7448 4088 6409 5466 1382 8968 4362 7957 4103 3078 7734 6067 5417 6421 4269 483 1486 7761 880 7996 5748 4336 3012 7596 8763 981 1388 7203 7865 8985 6232 4371 9256 7917 644 3726 4229 5619 9840 517 6218 7110 4416 2449 283 9677 7860 9721 4213 4213 7814 6175 4509 4549 8501 8012 1855 1528 3262 2722 6466 7471 9061 5252 4835 2730 6463 74 8161 5727 9474 7732 6853 6274 578 7317 6258 3024 7860 4475 3371 7141 9749 23 1960 8103 1600 3800 4754 8384 7408 3107 5972 4016 2101 953 9302 3650 7850 8311 4123 495 2630 1264 261 5010 4954 9575 7463 8117 4324 7935 6546 3327 3925 1715 661 894 8044 8501 3730 4769 7420 3526 4779 1218 6058 5384 7158 8824 9103 4131 6649 4335 9254 9501 7746 7421 9804 5344 6985 178 1593 4240 785 939 7366 1820 6466 4622 3578 1730 5269 9641 4109 1285 9647 3745 8505 1185 5025 9873 20 1099 4846 3512 7362 7226 8469 8214 7785 9263 3618 8810 6400 2817 4194 2036 2440 2088 1066 2809 4987 707 5809 4186 1554 5006 4526 9966 3308 3103 3639 5895 4465 1055 9559 4807 5928 4612 6878 7393 9513 7189 3369 3688 9145 7743 4142 6422 2715 9592 8569 1009 7183 4424 566 1946 3084 7036 9157 1186 9011 5858 4152 7883 3272 6056 4026 9959 7838 7614 8841 9928 2726 861 5742 626 3086 8378 6867 5914 4566 9251 2716 992 4634 9565 1883 6620 4795 3640 188 5827 1074 9662 2555 5764 3986 3817 8798 5732 3241 7256 5364 4638 3612 8699 3706 7475 5015 5133 4923 7330 8480 8343 5792 5380 9219 4912 628 7102 5242 7329 7343 1458 3333 4618 5800 1604 3393 7616 4233 9671 9331 1115 2687 6327 714 9028 5216 8062 5295 6616 3696 2583 306 9907 269 273 8198 1834 225 7949 5297 7928 2375 1664 7964 4934 8630 7924 4318 5757 2946 6957 7196 7196 3971 3971 7941 7253 1526 3500 7639 1551 1279 8653 3297 8322 8434 8298 3609 6470 299 3898 2898 5040 9378 1267 6779 5345 5267 3757 892 4589 7223 709 7659 7275 4019 6188 1129 2003 6921 9363 3324 8574 8070 6935 5558 7197 115 9329 6025 9782 3066 1000 9337 5143 5406 6785 3087 1161 1761 9808 9002 2076 2690 6285 2157 3580 218 9236 3293 1387 339 5713 2161 4181 4583 7322 6527 4076 2014 647 1237 2391 684 5954 1046 386 6042 9636 4542 7032 1623 2334 1551 7025 8741 5041 3425 6697 889 788 1363 6584 9034 9383 252 572 6242 8503 4346 81 8598 4349 6536 8683 1048 6532 1864 2710 5014 9837 4717 3167 3936 9071 7217 1785 9007 6401 8363 9122 8771 3402 8988 5607 9476 1696 6372 2670 4141 8284 1510 8741 1224 4225 8437 7396 8426 1377 5434 85 294 9598 5532 3330 6540 7788 4631 5274 709 7628 444 7821 5270 8926 8895 1786 9134 1367 2504 3668 1008 8248 3424 9090 1033 8707 131 7217 5579 6951 2696 5331 1053 5811 8395 5506 7103 8520 4693 7803 803 8489 6367 6033 6491 8638 5538 5957 8650 2143 9558 1959 6021 8547 4386 1388 7143 5730 3238 4705 8784 6421 2718 5736 4526 3514 7360 2147 6898 3226 2440 5305 1658 3018 1711 7219 1264 4605 8659 3939 3385 9101 9732 4806 5096 2744 6826 3273 540 8066 2480 5467 7440 1103 1678 1595 6961 6837 9280 3358 4388 458 631 7183 4073 6616 5019 7448 9907 446 3858 6064 2507 223 2898 266 7559 7941 909 1463 1945 6866 2450 3982 9886 5946 7238 9104 3422 5908 5199 3691 2010 9062 7301 206 2185 1907 6464 1677 6527 5025 3820 9658 3492 7627 489 8416 4867 3002 2695 8798 9276 6902 8814 9470 7802 3273 2120 2617 2849 571 3734 7344 2279 2054 5026 1693 2540 6897 8886 7388 9451 4150 5681 5715 4112 803 5645 8489 4378 9541 3966 7011 7437 8560 1747 3413 1628 5142 3361 7722 1204 6850 542 3971 5486 7556 2954 689 1983 5774 6149 7858 4082 2212 4218 3061 8478 6326 5847 9758 6824 7109 3748 3468 3919 2306 4049 5108 2243 6968 9808 7216 4766 1327 7830 1697 6696 8520 7842 7821 9145 3661 7031 6822 810 1462 3131 6687 1853 551 1726 8660 2480 3864 3248 1488 7030 4359 1326 3642 9045 6435 5376 5365 8383 8354 8693 2638 2892 8368 1027 4361 3259 9182 4383 8918 7679 4223 2271 923 9507 3152 921 3912 8921 2867 5810 3897 4052 1882 1956 964 4629 7774 5012 441 3414 2953 1271 4618 572 7930 5447 2952 2653 9353 1343 4147 5045 6103 8865 722 7697 7091 4162 7304 4978 3212 5628 1445 6758 4208 1265 6325 469 4614 5710 8798 7346 756 67 9991 4351 5817 9742 1459 843 8715 5008 9180 340 6061 9445 6758 6414 6143 573 2135 2705 4066 8972 3401 7306 7018 1988 2097 1321 5284 5630 8247 543 2322 3055 1737 7105 378 2705 3340 3717 9785 3782 1646 4797 6287 2680 3885 5959 8777 6458 958 7433 2608 8241 8934 1229 3377 7102 1876 2200 2297 2198 5105 2192 7833 5947 2182 7079 5580 7969 4997 7757 1070 3076 3645 3486 1890 2098 8379 2630 4318 4750 5251 5452 3552 2957 2868 9411 5587 3718 3148 2685 9281 4002 9076 1735 3704 3436 4216 8534 9423 2282 3609 6952 4346 9805 6604 4988 8373 5219 5953 6689 623 1364 6494 6059 3344 9677 6588 8847 8286 3707 7107 5009 6620 2985 7975 2360 4545 300 8839 2802 5815 3277 73 4133 1698 46 6437 2224 1980 873 4314 2266 7474 6702 8044 5432 7783 2702 6025 6554 4173 8418 4611 8025 8209 5527 1478 6223 9709 4676 1294 6491 7259 9314 3807 6192 4667 8319 3054 4686 103 290 1955 5438 404 1345 668 8158 8355 1542 8854 1955 5435 6430 3297 1029 3450 3743 7078 9967 2090 5518 5248 2251 6880 8049 1006 8236 1881 2520 9681 7945 9716 8760 902 8094 3815 6496 1830 5579 9673 3483 5431 6770 7994 4594 262 2721 5064 7650 2587 2920 3339 9263 68 4783 3498 8972 3840 7664 3144 704 9328 8438 4768 1541 9176 4269 3294 8927 707 4872 5367 6168 9843 9168 9131 8442 6718 7005 2995 8352 6142 7556 5366 8650 2813 7050 6792 7224 556 7123 2943 450 9086 2964 5401 369 9311 865 5385 6178 4633 6878 7559 9184 8803 8719 1749 1707 2580 6698 4782 4758 8755 6207 646 6485 6233 2769 744 8786 5722 2580 5796 8647 4245 3045 3540 6725 7968 6132 9140 771 8315 6506 9859 3002 578 7643 335 2998 244 580 6850 430 2013 1171 453 9632 9607 3560 1047 7277 9775 9077 5633 5813 1730 425 888 2879 4823 8997 6659 6247 6700 2920 7146 8917 8166 8975 1481 4696 4106 784 9770 7489 9803 9261 3391 7343 5107 6914 20 8069 7943 3079 9152 3254 6850 2276 3049 3962 734 4042 6346 7775 5359 8455 180 8672 9678 7070 157 9409 3900 2292 8993 8627 3823 9960 2286 3571 6566 3596 9534 4727 2561 584 934 6081 4736 5583 8763 344 1214 9837 1420 2569 2754 2848 5999 6414 5915 7346 5295 9469 1918 1827 8829 1101 9482 2079 1208 1538 9112 7698 1 5564 92 1826 5836 1843 2234 3887 3419 2293 6161 9816 6065 2374 1134 1904 7212 3295 2140 4 7301 1616 4031 8316 5960 8445 8826 7420 8799 209 8268 3193 158 2645 9246 8218 2421 3834 5456 1349 8249 7404 1892 3111 1909 5090 3131 50 5983 976 391 1508 7454 7099 8434 4947 4455 8468 1013 6881 3879 9446 1070 6556 1460 2945 3257 5693 2339 3799 3464 1881 3488 8493 2290 5577 362 9099 2229 2564 2386 5112 5993 132 4814 6854 2390 5608 6445 3249 1048 4264 6898 162 89 4048 8256 5903 4343 4690 9634 4661 6785 3825 1343 2631 6106 1252 1468 1900 3876 2034 5876 3552 1281 504 1258 2272 701 7496 1299 2757 4796 7610 6284 2137 5673 9997 330 4856 6057 1333 4329 148 1696 6205 952 5941 7292 6737 2176 7438 4397 6944 3619 5661 2955 5269 2698 9354 8562 5787 2938 9379 2284 5272 2076 1392 7138 3578 3814 432 391 6728 2951 188 2933 8619 9147 8974 3468 4078 2411 5995 4742 5357 7491 2446 8217 1573 3915 8899 6354 6932 5869 1941 8201 4266 5319 2163 6478 3185 8808 2535 8478 463 1637 6354 1420 3157 2149 8609 9410 2878 3901 240 6037 7184 9124 3640 3451 5121 4680 9634 295 6070 3624 8903 8211 7504 5879 5252 7392 5155 7762 5538 1005 7109 7422 304 4781 6926 5304 9701 1772 5003 6720 5496 2549 9235 2256 748 338 861 9294 7260 8998 1513 7118 4258 2116 6023 510 238 7924 8195 8928 2789 58 2912 3882 2387 270 8245 3962 2626 2590 1637 6728 9972 8558 5401 5352 2219 2493 1900 2465 4629 6107 6109 4486 160 5323 690 3732 8835 4466 7106 6011 3290 3794 7410 4845 1803 4368 1413 8326 7780 3342 7729 1805 42 3504 4997 4085 4196 6933 3338 6787 4668 7749 5518 9339 3942 7259 7485 7220 4566 5512 328 3147 399 5840 9414 6928 9144 5035 8253 7213 7750 5420 298 9461 5991 9912 2936 9652 4871 9010 2547 992 601 6214 8111 2673 6164 8041 6142 8233 676 7623 106 8478 4548 1039 6862 9194 1124 4718 2716 8630 2833 4666 813 2090 4773 899 5968 2906 8146 2157 8170 8627 1140 1406 5218 7682 8004 3507 5266 3700 6237 7790 8395 6828 9606 6681 7818 3044 5972 6489 2375 2313 8592 9971 3964 8182 1783 4328 6484 302 9821 7629 4657 3364 5009 2688 9739 3553 1790 8496 7703 4418 7438 2594 6402 101 5813 5021 9526 5867 8378 3357 1240 8641 4459 1064 7031 8916 4701 1722 2872 6315 9012 3447 6092 3834 9188 3419 9794 8763 6257 2617 2710 4974 2766 5418 9241 4540 9726 8165 9673 7463 2405 6053 7980 6135 9826 6488 2719 1501 9447 2477 1924 3799 3406 9139 8127 482 578 9579 4555 664 6402 22 7398 1115 9294 7568 687 704 3276 3184 3420 7759 1949 4381 5383 8780 6690 8590 3849 968 389 9097 6557 4545 5895 8774 3881 2925 3231 4869 7411 2582 3058 9743 9720 1071 2553 2287 8193 3543 7459 712 4330 269 9827 8955 6643 7467 7049 4018 1065 98 1324 1909 237 8527 1674 3087 1092 9601 9903 4221 6774 1336 5480 8478 3490 9705 6350 7275 9809 8957 5348 9249 5254 2427 7813 6733 3011 1381 6583 3021 2909 8537 7917 6177 2021 8709 3264 4647 5303 6038 6341 7364 4196 4529 7409 5810 9591 7188 389 7041 4292 9785 9318 6081 2052 3315 4644 608 7183 3761 6194 4413 7746 4458 9375 3222 8420 9285 6827 9062 8320 752 4496 886 7758 7673 3635 3506 5409 5956 5960 8039 6234 8009 3910 1339 7823 9189 1723 621 3505 4712 485 7941 1778 7493 9041 746 6126 4050 3994 5822 5760 2446 5207 9969 1827 7675 7051 7119 8567 9477 9351 8021 4868 9461 9216 518 4699 6766 9890 938 2985 8338 403 3475 6207 7057 3604 8937 8944 2963 2760 9574 1205 7261 8557 2069 2792 9465 4761 3684 5038 2024 3524 423 3763 8192 1331 498 5309 143 5402 8948 3958 4835 137 5055 6788 9869 8023 5428 8021 4110 7221 5905 8096 4902 982 2743 4856 8106 5368 9050 6625 5368 206 2031 3602 1810 7048 7523 6379 6227 7417 9935 6160 9330 2577 7641 4021 9161 3991 2025 7564 666 2911 1026 4801 5035 5556 6476 7301 5878 110 3478 3118 2387 508 5012 9483 9961 6344 5399 6057 4751 695 9015 3623 8604 8984 8654 7951 9671 1219 1924 9754 6915 9840 6677 4986 2912 1135 6353 8041 1613 3126 7698 2522 2880 80 4533 4243 3398 5525 9938 4189 1661 3346 5196 5589 9059 9897 4415 1870 4516 6404 1285 7363 3728 2006 4907 115 8467 9708 912 3238 8499 5712 3263 7893 5099 4631 5658 1783 757 4835 1438 7692 2080 2632 43 566 3637 6401 4033 4890 8822 6345 8344 6245 7323 4415 3817 5793 1911 8255 4601 7228 3565 6046 7725 2027 3738 57 5326 3120 7236 3345 7612 1637 4556 5671 3528 7851 6387 3293 8841 5000 7039 1116 8011 1267 3750 5648 9352 9755 6709 7880 9977 6409 2327 7920 7727 9896 8058 5815 1041 7392 7363 9289 5601 4439 9342 4639 1598 5821 7957 8526 1433 7849 7938 9466 5280 968 8800 5381 9972 9701 4266 8833 271 2836 267 2916 9791 698 1842 3547 50 4550 973 8387 4043 6353 1660 9655 7753 9039 6128 7511 9554 7559 5910 4034 6163 3948 7166 9466 855 1938 8997 6656 9883 7634 3338 3313 2696 9744 3101 3696 1486 2943 9486 7062 5157 9332 1136 5090 895 8593 925 1047 2819 3018 2046 5825 1041 7385 4417 5793 4500 1010 7050 7936 7610 2783 980 6273 8395 6669 5490 9385 5733 7046 4098 7262 6277 7554 4197 7154 9480 5007 5966 8435 3049 9012 3481 3284 9488 7710 4321 2869 4821 2674 5310 2295 815 9809 6268 1613 2490 3299 3665 891 1720 6908 6312 5737 167 5749 1728 9954 582 895 3459 8798 8047 2470 5283 4558 2735 3609 3015 1762 6202 2188 4004 6498 1406 8448 8039 3903 5516 3874 3803 7459 2062 5804 1174 7957 5718 5389 1736 6797 7660 4393 7081 8857 6704 901 4281 6411 8450 5349 6411 6035 4262 5597 1466 9501 3538 7423 6636 1031 6561 8502 9771 6593 8092 3490 8376 3328 1664 6545 4489 4465 7851 6737 8380 943 4537 2583 3863 3473 6022 9850 7142 6119 4936 4394 7315 713 3097 2128 1249 8610 1392 9869 203 4952 361 5338 6117 6550 8650 7605 5219 4054 4264 524 1247 652 7682 4049 8200 3053 429 6859 9513 1093 8088 937 7605 5186 632 4668 3799 5585 3556 5588 4859 6990 4501 6128 3692 4985 635 9905 7275 1649 1823 2787 1166 8742 4446 7092 2094 8196 8850 1405 2139 6084 5675 195 5754 4473 3686 4858 6967 2033 8710 2787 6818 6397 9340 2516 3419 6010 1030 611 991 6688 7650 1103 8061 6636 9464 3304 3228 7970 6272 9720 169 8005 596 8312 31 7896 7122 162 728 3261 3925 9595 6419 9209 7985 8795 6625 1252 4511 6466 4031 200 6438 9153 7849 3769 693 3470 6534 8031 733 7489 3556 7232 3396 3912 3228 2576 792 9383 2402 1402 3630 631 2353 529 6634 3686 1836 7843 9396 9325 4773 659 685 8818 6653 6369 7455 1284 530 1473 6540 6222 5354 2042 5852 2676 9498 143 401 5214 4800 7437 1788 4959 2269 2822 5153 4090 4598 5997 3485 3561 2266 6083 7650 312 2993 7710 7686 4642 9510 7394 9848 7181 9314 451 5148 3306 9045 6733 8096 4300 8465 4591 7490 7858 4783 7291 7267 1267 1 1380 9479 1902 9166 554 34 5985 1133 4088 5110 7732 2176 5426 9404 2249 8428 6017 6941 1689 5541 7936 7317 3644 5273 2648 3570 805 5818 3772 4915 2645 6227 3320 4855 3305 1822 6313 2636 5401 3891 767 5789 736 9895 4293 2421 2121 3582 5153 1193 2816 7271 3267 3080 7707 2322 8985 626 1740 1148 4002 6060 1408 3701 2160 5350 1799 6037 9115 7284 5426 5453 2129 958 7485 2424 4026 1358 5490 2553 5294 5379 6796 8205 9690 132 2090 2177 855 3105 4977 5407 221 696 7231 6293 473 8763 3717 4725 5144 3283 6899 3480 5291 7851 9505 770 2414 5613 9194 2437 2549 9072 264 4890 7075 8848 5458 9241 6506 1998 136 6863 4903 244 3251 2457 5363 4765 3588 7656 50 5245 1411 2525 6052 4386 2408 853 4106 2389 8930 1445 3738 6193 8143 8412 7893 4825 3697 196 4303 654 9173 8485 9374 1060 821 6000 9179 9310 8497 281 6620 9592 7718 4917 2093 6279 5533 4032 7372 1847 349 8233 1663 5222 275 6173 2811 7661 5847 9232 6850 876 2122 1153 1922 7055 3390 3380 2366 6846 8334 7915 6044 1265 9209 8022 9510 2226 3615 9373 8585 919 3776 84 4340 2141 4219 2879 802 807 5170 2969 378 5179 4694 1997 9359 8831 1645 6363 8252 8743 6959 9824 8908 4325 4185 4429 6080 7522 4591 226 316 4423 4877 1192 7130 4702 6505 8466 3482 9913 7940 879 9171 8220 2386 5328 9343 3233 9904 8698 5458 5730 1321 4533 3413 3729 2815 2973 5004 3767 5432 1045 7477 963 307 480 6477 7642 4164 3210 4890 8191 8716 2597 4648 1939 6481 1964 2302 2643 4777 4940 6500 2164 1972 9267 9811 7677 9007 7664 8927 4066 2586 9064 6903 6903 9808 2079 2666 8224 362 4161 3346 8332 3364 2243 3620 1750 5429 8988 9773 6310 3138 4142 6770 8077 2391 8772 5789 3824 2944 8710 3952 7891 4410 5281 7591 6170 8419 2296 2323 9752 4263 9271 2567 6604 5763 8929 6621 2501 4723 7593 7734 7398 2440 9465 1180 2250 6855 991 6596 6050 8039 7820 5825 7499 9101 5695 7195 8928 8054 5980 960 3539 2526 989 9453 9362 3398 2512 6177 2191 3137 5004 2959 3642 6005 6160 2175 5859 4918 170 8727 2236 3042 5831 8301 8608 4472 9481 109 8086 8163 7556 6613 4976 6389 9679 6087 6158 7596 7792 1320 9264 1667 8202 9480 5410 3019 6045 2148 4073 5808 4046 3618 4511 2883 8815 8376 4806 9518 6653 8425 828 2462 2278 1117 3384 4246 4717 7333 7391 8866 8714 4193 5993 1053 1326 4890 5759 6319 3052 3033 5538 3977 9184 6547 1351 8204 5316 8607 3724 8946 203 9508 4050 6659 1700 1103 3707 3423 1211 901 4716 9113 7281 8028 2328 8680 9550 280 4236 2017 988 7080 2007 3718 1751 8814 866 810 6204 683 5529 1325 9008 6323 256 1524 5197 6708 318 1804 2601 2754 525 1299 3735 7917 6576 884 7273 2518 2759 9271 7119 5916 6346 4882 2390 64 1845 3256 7122 8758 7652 3569 865 5454 470 7646 6667 534 9563 2349 2726 1459 5374 2793 3000 2473 1435 5209 795 7711 4026 2004 5905 3576 6011 6519 6188 8144 7488 7081 8877 5022 9528 1052 7386 1374 3502 2613 1477 3843 6239 8936 6053 2225 5638 1404 249 1358 8626 2444 3773 6440 6405 1929 4183 1646 9826 6087 9596 9165 7288 29 4876 5011 5834 5819 9914 8184 8989 7512 1296 4156 4502 207 9729 4168 311 6904 3547 6256 6830 511 7107 9623 352 4591 4504 6183 6871 785 5321 942 429 7278 524 4335 4062 144 653 7870 7725 4364 8777 5201 8800 8775 5373 1276 7614 598 9371 5728 1055 1800 6572 9710 8129 7133 944 8124 4594 7381 8862 9610 4251 4285 3561 244 6610 6919 8250 4200 2335 3762 5122 6209 1466 222 133 6889 2441 1200 2820 9947 5011 3991 3083 9410 3863 8627 3483 633 8665 7600 3726 9005 1718 2406 2104 979 5412 1942 9878 6593 5794 7605 6901 9622 413 6508 1175 3607 24 6108 3988 7716 7803 207 8472 2214 8848 7650 4365 8002 5352 9628 4753 58 8406 7152 1040 3196 3537 2436 7380 7394 6548 9119 9582 6593 2357 2633 9841 2302 4953 9844 3966 6428 3121 6870 6463 5337 1930 2600 6202 612 3578 97 7104 9257 2873 941 5350 6990 8999 6531 140 4415 6329 3139 1044 860 6522 6529 9635 9884 326 8176 3630 8738 8097 6655 9141 9030 6309 1465 9363 8508 777 7035 3762 5353 8146 4237 550 4075 1990 1554 9930 5754 5302 462 3253 3500 4671 5749 8591 6189 6328 3626 1356 1993 7095 5682 3704 710 6436 1624 6116 8647 7443 4393 6944 3994 2602 9754 5103 1349 3731 7148 880 7389 2239 4489 2034 3398 9438 3272 4724 4332 754 5135 7499 7611 5204 6497 879 1901 3864 6400 5614 9431 2768 2276 7910 4305 4037 7318 2225 6431 9282 4985 8862 7515 2957 458 3943 5078 8405 4099 1302 3854 3143 4852 2999 4519 3904 1858 6330 4289 6871 8506 7483 8767 8106 6658 5655 2874 1559 8265 7927 5474 2220 1623 9607 2954 7759 4528 4330 4172 6608 2331 3194 6546 9979 3538 9598 1365 3427 2396 4699 5753 7373 3672 1312 7576 9702 5265 3935 9429 7684 9571 3821 1489 1128 1379 2434 3550 6654 1349 3177 1740 5013 1259 6561 7913 8153 2226 2249 7665 1248 1615 3856 9517 7298 5085 7139 8972 4841 7307 9743 6824 6119 9235 7654 5984 2087 5229 4027 7566 9923 651 5233 318 9662 2322 7403 2353 4819 4080 600 8169 3006 3115 2168 4489 5258 7388 9455 3442 9451 6577 8358 3276 7159 2937 6082 3138 1641 3647 122 7413 2493 635 3414 696 7576 6949 4581 575 8164 9567 2365 7772 2176 4830 6047 8495 6721 1100 3657 3208 8588 3153 4937 3717 9650 7941 8135 7759 5678 9785 4504 1926 8277 5060 8436 389 6526 8394 2726 6679 5530 8836 1671 9698 493 8230 8926 9526 7695 1276 1188 5937 3057 5972 575 8358 7468 2094 6687 6328 2147 4339 6375 9321 8453 585 650 2926 4647 9894 1539 8417 6476 5452 2399 2335 7195 1422 3385 1876 2601 8315 9233 8939 9934 5635 1735 6881 6107 3640 4689 5644 8802 9314 8811 9286 5603 350 9627 2939 4867 2487 6007 5963 7945 4366 7940 6731 8397 4868 6592 4582 958 8325 4413 1317 4053 1864 7420 767 8041 9798 9687 711 8387 7070 831 1740 4392 4532 3898 1014 7612 2444 1668 61 6693 8702 3874 6815 4015 4702 4335 7551 8739 6051 2100 7820 3270 3698 9095 5699 874 474 4224 6984 567 7681 2262 1360 1330 3045 852 8781 8726 128 8377 3571 799 2997 372 5667 2070 4351 5796 5430 7668 1375 8241 8986 6350 3291 1754 7699 7219 7095 2717 8194 1157 2808 6604 5322 4365 3010 8844 4163 6958 7791 3939 5660 32 7739 1821 161 7314 5440 7382 4329 6239 5444 9232 93 3321 2801 161 9217 7044 2360 7258 1912 324 3061 205 8760 7856 4459 3747 8676 7105 7572 1773 9670 4726 9180 8790 9013 9085 2534 2549 2232 2065 7599 3433 7933 8428 5375 4591 1343 8818 9562 7818 9238 4023 1627 6000 7730 2412 4609 8297 9333 8457 3100 855 8513 3508 6253 1732 9470 5455 1153 5877 9821 9304 7119 3010 4772 2203 5554 1145 9208 3161 209 5267 2837 9384 7326 684 6351 4761 6229 7293 348 8715 4600 3096 2228 4787 9250 5991 973 8593 181 1323 3463 4143 7006 79 8464 2756 6695 3181 1424 225 328 9960 1603 5302 7077 7535 1212 2687 6301 3701 9364 7728 5964 4888 2148 5838 9458 5629 9242 2056 446 467 809 5041 963 3992 553 898 1854 7689 3766 1979 8482 1669 6282 1281 4159 8328 9782 3519 4709 6428 535 5360 289 2920 1455 2888 2956 4500 4049 3469 7724 7303 404 1181 8464 3169 7298 9395 698 3904 2837 6224 6694 6834 6793 5265 2337 7539 8500 6093 4487 6395 3537 1900 2374 3564 2616 3136 9588 6587 8909 3578 9867 6706 7456 4000 7408 785 4775 7228 6721 1891 6887 521 2155 2639 6928 1787 6742 113 9338 4714 5656 2813 1280 5935 4828 6836 5758 6994 6478 7311 7530 1376 4569 9418 8705 5399 7640 3466 1806 770 8003 2972 2522 9074 8078 1607 1868 5040 6037 8965 4839 5480 2546 3488 7285 320 5354 8302 7125 2233 3016 9972 964 2005 3044 1087 2251 9279 9936 5512 6749 1199 4262 7562 841 5803 9892 9970 3497 5841 885 5315 8540 3870 3826 2744 5042 2137 34 7606 3856 5688 8873 502 9941 6832 5148 8769 7260 9618 3865 428 330 9446 4818 1408 6820 2169 9702 888 9873 7854 1210 8337 7158 4923 2771 9603 9478 1316 3885 6420 2515 2918 7604 9954 856 9046 8895 6081 418 6166 2235 6431 6838 3573 9674 7911 9557 1605 9359 8075 2478 7781 261 1378 1752 5746 3645 3439 5089 4610 2096 8813 1325 2850 9870 1089 4281 8971 6132 8900 4731 3610 7412 2068 7736 2259 9608 4143 8557 4246 6555 2385 8127 682 8073 1662 3665 997 3412 4036 8280 7997 9945 8520 648 8107 4723 2295 3031 3174 3089 5623 3 8885 3105 9334 4492 7252 8977 7133 3958 1672 5757 8257 7828 4767 9288 105 7323 5368 5899 6122 6333 9724 7392 8714 6090 3639 111 801 1889 3876 400 8256 7038 4981 7453 589 618 3280 424 8903 4373 1847 4878 2670 9817 3396 1190 4511 462 1371 2309 2242 8893 9551 2499 7363 5738 8448 2778 9989 6901 8627 2042 6663 5379 1563 785 1850 5726 9001 6183 8261 5751 1519 4957 5458 6335 9089 2280 9974 8277 5386 7356 2457 5669 2027 3195 760 6412 7567 6673 4199 8334 7701 9238 846 8541 7037 2080 7160 4273 6686 8404 450 3900 3919 7058 8144 4188 6812 9428 8410 8736 8457 9478 6904 4506 6978 576 5416 6852 8081 4157 4507 3130 6564 1772 1115 4928 4009 8108 3142 4886 858 6212 6567 3115 7492 1340 6953 4349 6461 6582 9000 7455 3499 6308 9039 6569 6562 9420 1648 667 7945 3575 7140 5338 6589 9530 8140 8499 1884 801 9187 1252 6364 7137 4520 555 90 2463 4559 3705 5589 47 4452 1001 1179 4763 8079 418 6520 7830 9116 6757 9325 6258 
10000 10000
206 226 212 208 213 237 213 216 196 219 1 1 1 1 1 1 1 1 1 1 1 1 1 1 1 1 1 1 1 1 1 1 1 1 1 1 1 1 1 1 1 1 1 1 1 1 1 1 1 1 1 1 1 1 1 1 1 1 1 1 1 1 1 1 1 1 1 1 1 1 1 1 1 1 1 1 1 1 1 1 1 1 1 1 1 1 1 1 1 1 1 1 1 1 1 1 1 1 1 1 1 1 1 1 1 1 1 1 1 1 1 1 1 1 1 1 1 1 1 1 1 1 1 1 1 1 1 1 1 1 1 1 1 1 1 1 1 1 1 1 1 1 1 1 1 1 1 1 1 1 1 1 1 1 1 1 1 1 1 1 1 1 1 1 1 1 1 1 1 1 1 1 1 1 1 1 1 1 1 1 1 1 1 1 1 1 1 1 1 1 1 1 1 1 1 1 1 1 1 1 1 1 1 1 1 1 1 1 1 1 1 1 1 1 1 1 1 1 1 1 1 1 1 1 1 1 1 1 1 1 1 1 1 1 1 1 1 1 1 1 1 1 1 1 1 1 1 1 1 1 1 1 1 1 1 1 1 1 1 1 1 1 1 1 1 1 1 1 1 1 1 1 1 1 1 1 1 1 1 1 1 1 1 1 1 1 1 1 1 1 1 1 1 1 1 1 1 1 1 1 1 1 1 1 1 1 1 1 1 1 1 1 1 1 1 1 1 1 1 1 1 1 1 1 1 1 1 1 1 1 1 1 1 1 1 1 1 1 1 1 1 1 1 1 1 1 1 1 1 1 1 1 1 1 1 1 1 1 1 1 1 1 1 1 1 1 1 1 1 1 1 1 1 1 1 1 1 1 1 1 1 1 1 1 1 1 1 1 1 1 1 1 1 1 1 1 1 1 1 1 1 1 1 1 1 1 1 1 1 1 1 1 1 1 1 1 1 1 1 1 1 1 1 1 1 1 1 1 1 1 1 1 1 1 1 1 1 1 1 1 1 1 1 1 1 1 1 1 1 1 1 1 1 1 1 1 1 1 1 1 1 1 1 1 1 1 1 1 1 1 1 1 1 1 1 1 1 1 1 1 1 1 1 1 1 1 1 1 1 1 1 1 1 1 1 1 1 1 1 1 1 1 1 1 1 1 1 1 1 1 1 1 1 1 1 1 1 1 1 1 1 1 1 1 1 1 1 1 1 1 1 1 1 1 1 1 1 1 1 1 1 1 1 1 1 1 1 1 1 1 1 1 1 1 1 1 1 1 1 1 1 1 1 1 1 1 1 1 1 1 1 1 1 1 1 1 1 1 1 1 1 1 1 1 1 1 1 1 1 1 1 1 1 1 1 1 1 1 1 1 1 1 1 1 1 1 1 1 1 1 1 1 1 1 1 1 1 1 1 1 1 1 1 1 1 1 1 1 1 1 1 1 1 1 1 1 1 1 1 1 1 1 1 1 1 1 1 1 1 1 1 1 1 1 1 1 1 1 1 1 1 1 1 1 1 1 1 1 1 1 1 1 1 1 1 1 1 1 1 1 1 1 1 1 1 1 1 1 1 1 1 1 1 1 1 1 1 1 1 1 1 1 1 1 1 1 1 1 1 1 1 1 1 1 1 1 1 1 1 1 1 1 1 1 1 1 1 1 1 1 1 1 1 1 1 1 1 1 1 1 1 1 1 1 1 1 1 1 1 1 1 1 1 1 1 1 1 1 1 1 1 1 1 1 1 1 1 1 1 1 1 1 1 1 1 1 1 1 1 1 1 1 1 1 1 1 1 1 1 1 1 1 1 1 1 1 1 1 1 1 1 1 1 1 1 1 1 1 1 1 1 1 1 1 1 1 1 1 1 1 1 1 1 1 1 1 1 1 1 1 1 1 1 1 1 1 1 1 1 1 1 1 1 1 1 1 1 1 1 1 1 1 1 1 1 1 1 1 1 1 1 1 1 1 1 1 1 1 1 1 1 1 1 1 1 1 1 1 1 1 1 1 1 1 1 1 1 1 1 1 1 1 1 1 1 1 1 1 1 1 1 1 1 1 1 1 1 1 1 1 1 1 1 1 1 1 1 1 1 1 1 1 1 1 1 1 1 1 1 1 1 1 1 1 1 1 1 1 1 1 1 1 1 1 1 1 1 1 1 1 1 1 1 1 1 1 1 1 1 1 1 1 1 1 1 1 1 1 1 1 1 1 1 1 1 1 1 1 1 1 1 1 1 1 1 1 1 1 1 1 1 1 1 1 1 1 1 1 1 1 1 1 1 1 1 1 1 1 1 1 1 1 1 1 1 1 1 1 1 1 1 1 1 1 1 1 1 1 1 1 1 1 1 1 1 1 1 1 1 1 1 1 1 1 1 1 1 1 1 1 1 1 1 1 1 1 1 1 1 1 1 1 1 1 1 1 1 1 1 1 1 1 1 1 1 1 1 1 1 1 1 1 1 1 1 1 1 1 1 1 1 1 1 1 1 1 1 1 1 1 1 1 1 1 1 1 1 1 1 1 1 1 1 1 1 1 1 1 1 1 1 1 1 1 1 1 1 1 1 1 1 1 1 1 1 1 1 1 1 1 1 1 1 1 1 1 1 1 1 1 1 1 1 1 1 1 1 1 1 1 1 1 1 1 1 1 1 1 1 1 1 1 1 1 1 1 1 1 1 1 1 1 1 1 1 1 1 1 1 1 1 1 1 1 1 1 1 1 1 1 1 1 1 1 1 1 1 1 1 1 1 1 1 1 1 1 1 1 1 1 1 1 1 1 1 1 1 1 1 1 1 1 1 1 1 1 1 1 1 1 1 1 1 1 1 1 1 1 1 1 1 1 1 1 1 1 1 1 1 1 1 1 1 1 1 1 1 1 1 1 1 1 1 1 1 1 1 1 1 1 1 1 1 1 1 1 1 1 1 1 1 1 1 1 1 1 1 1 1 1 1 1 1 1 1 1 1 1 1 1 1 1 1 1 1 1 1 1 1 1 1 1 1 1 1 1 1 1 1 1 1 1 1 1 1 1 1 1 1 1 1 1 1 1 1 1 1 1 1 1 1 1 1 1 1 1 1 1 1 1 1 1 1 1 1 1 1 1 1 1 1 1 1 1 1 1 1 1 1 1 1 1 1 1 1 1 1 1 1 1 1 1 1 1 1 1 1 1 1 1 1 1 1 1 1 1 1 1 1 1 1 1 1 1 1 1 1 1 1 1 1 1 1 1 1 1 1 1 1 1 1 1 1 1 1 1 1 1 1 1 1 1 1 1 1 1 1 1 1 1 1 1 1 1 1 1 1 1 1 1 1 1 1 1 1 1 1 1 1 1 1 1 1 1 1 1 1 1 1 1 1 1 1 1 1 1 1 1 1 1 1 1 1 1 1 1 1 1 1 1 1 1 1 1 1 1 1 1 1 1 1 1 1 1 1 1 1 1 1 1 1 1 1 1 1 1 1 1 1 1 1 1 1 1 1 1 1 1 1 1 1 1 1 1 1 1 1 1 1 1 1 1 1 1 1 1 1 1 1 1 1 1 1 1 1 1 1 1 1 1 1 1 1 1 1 1 1 1 1 1 1 1 1 1 1 1 1 1 1 1 1 1 1 1 1 1 1 1 1 1 1 1 1 1 1 1 1 1 1 1 1 1 1 1 1 1 1 1 1 1 1 1 1 1 1 1 1 1 1 1 1 1 1 1 1 1 1 1 1 1 1 1 1 1 1 1 1 1 1 1 1 1 1 1 1 1 1 1 1 1 1 1 1 1 1 1 1 1 1 1 1 1 1 1 1 1 1 1 1 1 1 1 1 1 1 1 1 1 1 1 1 1 1 1 1 1 1 1 1 1 1 1 1 1 1 1 1 1 1 1 1 1 1 1 1 1 1 1 1 1 1 1 1 1 1 1 1 1 1 1 1 1 1 1 1 1 1 1 1 1 1 1 1 1 1 1 1 1 1 1 1 1 1 1 1 1 1 1 1 1 1 1 1 1 1 1 1 1 1 1 1 1 1 1 1 1 1 1 1 1 1 1 1 1 1 1 1 1 1 1 1 1 1 1 1 1 1 1 1 1 1 1 1 1 1 1 1 1 1 1 1 1 1 1 1 1 1 1 1 1 1 1 1 1 1 1 1 1 1 1 1 1 1 1 1 1 1 1 1 1 1 1 1 1 1 1 1 1 1 1 1 1 1 1 1 1 1 1 1 1 1 1 1 1 1 1 1 1 1 1 1 1 1 1 1 1 1 1 1 1 1 1 1 1 1 1 1 1 1 1 1 1 1 1 1 1 1 1 1 1 1 1 1 1 1 1 1 1 1 1 1 1 1 1 1 1 1 1 1 1 1 1 1 1 1 1 1 1 1 1 1 1 1 1 1 1 1 1 1 1 1 1 1 1 1 1 1 1 1 1 1 1 1 1 1 1 1 1 1 1 1 1 1 1 1 1 1 1 1 1 1 1 1 1 1 1 1 1 1 1 1 1 1 1 1 1 1 1 1 1 1 1 1 1 1 1 1 1 1 1 1 1 1 1 1 1 1 1 1 1 1 1 1 1 1 1 1 1 1 1 1 1 1 1 1 1 1 1 1 1 1 1 1 1 1 1 1 1 1 1 1 1 1 1 1 1 1 1 1 1 1 1 1 1 1 1 1 1 1 1 1 1 1 1 1 1 1 1 1 1 1 1 1 1 1 1 1 1 1 1 1 1 1 1 1 1 1 1 1 1 1 1 1 1 1 1 1 1 1 1 1 1 1 1 1 1 1 1 1 1 1 1 1 1 1 1 1 1 1 1 1 1 1 1 1 1 1 1 1 1 1 1 1 1 1 1 1 1 1 1 1 1 1 1 1 1 1 1 1 1 1 1 1 1 1 1 1 1 1 1 1 1 1 1 1 1 1 1 1 1 1 1 1 1 1 1 1 1 1 1 1 1 1 1 1 1 1 1 1 1 1 1 1 1 1 1 1 1 1 1 1 1 1 1 1 1 1 1 1 1 1 1 1 1 1 1 1 1 1 1 1 1 1 1 1 1 1 1 1 1 1 1 1 1 1 1 1 1 1 1 1 1 1 1 1 1 1 1 1 1 1 1 1 1 1 1 1 1 1 1 1 1 1 1 1 1 1 1 1 1 1 1 1 1 1 1 1 1 1 1 1 1 1 1 1 1 1 1 1 1 1 1 1 1 1 1 1 1 1 1 1 1 1 1 1 1 1 1 1 1 1 1 1 1 1 1 1 1 1 1 1 1 1 1 1 1 1 1 1 1 1 1 1 1 1 1 1 1 1 1 1 1 1 1 1 1 1 1 1 1 1 1 1 1 1 1 1 1 1 1 1 1 1 1 1 1 1 1 1 1 1 1 1 1 1 1 1 1 1 1 1 1 1 1 1 1 1 1 1 1 1 1 1 1 1 1 1 1 1 1 1 1 1 1 1 1 1 1 1 1 1 1 1 1 1 1 1 1 1 1 1 1 1 1 1 1 1 1 1 1 1 1 1 1 1 1 1 1 1 1 1 1 1 1 1 1 1 1 1 1 1 1 1 1 1 1 1 1 1 1 1 1 1 1 1 1 1 1 1 1 1 1 1 1 1 1 1 1 1 1 1 1 1 1 1 1 1 1 1 1 1 1 1 1 1 1 1 1 1 1 1 1 1 1 1 1 1 1 1 1 1 1 1 1 1 1 1 1 1 1 1 1 1 1 1 1 1 1 1 1 1 1 1 1 1 1 1 1 1 1 1 1 1 1 1 1 1 1 1 1 1 1 1 1 1 1 1 1 1 1 1 1 1 1 1 1 1 1 1 1 1 1 1 1 1 1 1 1 1 1 1 1 1 1 1 1 1 1 1 1 1 1 1 1 1 1 1 1 1 1 1 1 1 1 1 1 1 1 1 1 1 1 1 1 1 1 1 1 1 1 1 1 1 1 1 1 1 1 1 1 1 1 1 1 1 1 1 1 1 1 1 1 1 1 1 1 1 1 1 1 1 1 1 1 1 1 1 1 1 1 1 1 1 1 1 1 1 1 1 1 1 1 1 1 1 1 1 1 1 1 1 1 1 1 1 1 1 1 1 1 1 1 1 1 1 1 1 1 1 1 1 1 1 1 1 1 1 1 1 1 1 1 1 1 1 1 1 1 1 1 1 1 1 1 1 1 1 1 1 1 1 1 1 1 1 1 1 1 1 1 1 1 1 1 1 1 1 1 1 1 1 1 1 1 1 1 1 1 1 1 1 1 1 1 1 1 1 1 1 1 1 1 1 1 1 1 1 1 1 1 1 1 1 1 1 1 1 1 1 1 1 1 1 1 1 1 1 1 1 1 1 1 1 1 1 1 1 1 1 1 1 1 1 1 1 1 1 1 1 1 1 1 1 1 1 1 1 1 1 1 1 1 1 1 1 1 1 1 1 1 1 1 1 1 1 1 1 1 1 1 1 1 1 1 1 1 1 1 1 1 1 1 1 1 1 1 1 1 1 1 1 1 1 1 1 1 1 1 1 1 1 1 1 1 1 1 1 1 1 1 1 1 1 1 1 1 1 1 1 1 1 1 1 1 1 1 1 1 1 1 1 1 1 1 1 1 1 1 1 1 1 1 1 1 1 1 1 1 1 1 1 1 1 1 1 1 1 1 1 1 1 1 1 1 1 1 1 1 1 1 1 1 1 1 1 1 1 1 1 1 1 1 1 1 1 1 1 1 1 1 1 1 1 1 1 1 1 1 1 1 1 1 1 1 1 1 1 1 1 1 1 1 1 1 1 1 1 1 1 1 1 1 1 1 1 1 1 1 1 1 1 1 1 1 1 1 1 1 1 1 1 1 1 1 1 1 1 1 1 1 1 1 1 1 1 1 1 1 1 1 1 1 1 1 1 1 1 1 1 1 1 1 1 1 1 1 1 1 1 1 1 1 1 1 1 1 1 1 1 1 1 1 1 1 1 1 1 1 1 1 1 1 1 1 1 1 1 1 1 1 1 1 1 1 1 1 1 1 1 1 1 1 1 1 1 1 1 1 1 1 1 1 1 1 1 1 1 1 1 1 1 1 1 1 1 1 1 1 1 1 1 1 1 1 1 1 1 1 1 1 1 1 1 1 1 1 1 1 1 1 1 1 1 1 1 1 1 1 1 1 1 1 1 1 1 1 1 1 1 1 1 1 1 1 1 1 1 1 1 1 1 1 1 1 1 1 1 1 1 1 1 1 1 1 1 1 1 1 1 1 1 1 1 1 1 1 1 1 1 1 1 1 1 1 1 1 1 1 1 1 1 1 1 1 1 1 1 1 1 1 1 1 1 1 1 1 1 1 1 1 1 1 1 1 1 1 1 1 1 1 1 1 1 1 1 1 1 1 1 1 1 1 1 1 1 1 1 1 1 1 1 1 1 1 1 1 1 1 1 1 1 1 1 1 1 1 1 1 1 1 1 1 1 1 1 1 1 1 1 1 1 1 1 1 1 1 1 1 1 1 1 1 1 1 1 1 1 1 1 1 1 1 1 1 1 1 1 1 1 1 1 1 1 1 1 1 1 1 1 1 1 1 1 1 1 1 1 1 1 1 1 1 1 1 1 1 1 1 1 1 1 1 1 1 1 1 1 1 1 1 1 1 1 1 1 1 1 1 1 1 1 1 1 1 1 1 1 1 1 1 1 1 1 1 1 1 1 1 1 1 1 1 1 1 1 1 1 1 1 1 1 1 1 1 1 1 1 1 1 1 1 1 1 1 1 1 1 1 1 1 1 1 1 1 1 1 1 1 1 1 1 1 1 1 1 1 1 1 1 1 1 1 1 1 1 1 1 1 1 1 1 1 1 1 1 1 1 1 1 1 1 1 1 1 1 1 1 1 1 1 1 1 1 1 1 1 1 1 1 1 1 1 1 1 1 1 1 1 1 1 1 1 1 1 1 1 1 1 1 1 1 1 1 1 1 1 1 1 1 1 1 1 1 1 1 1 1 1 1 1 1 1 1 1 1 1 1 1 1 1 1 1 1 1 1 1 1 1 1 1 1 1 1 1 1 1 1 1 1 1 1 1 1 1 1 1 1 1 1 1 1 1 1 1 1 1 1 1 1 1 1 1 1 1 1 1 1 1 1 1 1 1 1 1 1 1 1 1 1 1 1 1 1 1 1 1 1 1 1 1 1 1 1 1 1 1 1 1 1 1 1 1 1 1 1 1 1 1 1 1 1 1 1 1 1 1 1 1 1 1 1 1 1 1 1 1 1 1 1 1 1 1 1 1 1 1 1 1 1 1 1 1 1 1 1 1 1 1 1 1 1 1 1 1 1 1 1 1 1 1 1 1 1 1 1 1 1 1 1 1 1 1 1 1 1 1 1 1 1 1 1 1 1 1 1 1 1 1 1 1 1 1 1 1 1 1 1 1 1 1 1 1 1 1 1 1 1 1 1 1 1 1 1 1 1 1 1 1 1 1 1 1 1 1 1 1 1 1 1 1 1 1 1 1 1 1 1 1 1 1 1 1 1 1 1 1 1 1 1 1 1 1 1 1 1 1 1 1 1 1 1 1 1 1 1 1 1 1 1 1 1 1 1 1 1 1 1 1 1 1 1 1 1 1 1 1 1 1 1 1 1 1 1 1 1 1 1 1 1 1 1 1 1 1 1 1 1 1 1 1 1 1 1 1 1 1 1 1 1 1 1 1 1 1 1 1 1 1 1 1 1 1 1 1 1 1 1 1 1 1 1 1 1 1 1 1 1 1 1 1 1 1 1 1 1 1 1 1 1 1 1 1 1 1 1 1 1 1 1 1 1 1 1 1 1 1 1 1 1 1 1 1 1 1 1 1 1 1 1 1 1 1 1 1 1 1 1 1 1 1 1 1 1 1 1 1 1 1 1 1 1 1 1 1 1 1 1 1 1 1 1 1 1 1 1 1 1 1 1 1 1 1 1 1 1 1 1 1 1 1 1 1 1 1 1 1 1 1 1 1 1 1 1 1 1 1 1 1 1 1 1 1 1 1 1 1 1 1 1 1 1 1 1 1 1 1 1 1 1 1 1 1 1 1 1 1 1 1 1 1 1 1 1 1 1 1 1 1 1 1 1 1 1 1 1 1 1 1 1 1 1 1 1 1 1 1 1 1 1 1 1 1 1 1 1 1 1 1 1 1 1 1 1 1 1 1 1 1 1 1 1 1 1 1 1 1 1 1 1 1 1 1 1 1 1 1 1 1 1 1 1 1 1 1 1 1 1 1 1 1 1 1 1 1 1 1 1 1 1 1 1 1 1 1 1 1 1 1 1 1 1 1 1 1 1 1 1 1 1 1 1 1 1 1 1 1 1 1 1 1 1 1 1 1 1 1 1 1 1 1 1 1 1 1 1 1 1 1 1 1 1 1 1 1 1 1 1 1 1 1 1 1 1 1 1 1 1 1 1 1 1 1 1 1 1 1 1 1 1 1 1 1 1 1 1 1 1 1 1 1 1 1 1 1 1 1 1 1 1 1 1 1 1 1 1 1 1 1 1 1 1 1 1 1 1 1 1 1 1 1 1 1 1 1 1 1 1 1 1 1 1 1 1 1 1 1 1 1 1 1 1 1 1 1 1 1 1 1 1 1 1 1 1 1 1 1 1 1 1 1 1 1 1 1 1 1 1 1 1 1 1 1 1 1 1 1 1 1 1 1 1 1 1 1 1 1 1 1 1 1 1 1 1 1 1 1 1 1 1 1 1 1 1 1 1 1 1 1 1 1 1 1 1 1 1 1 1 1 1 1 1 1 1 1 1 1 1 1 1 1 1 1 1 1 1 1 1 1 1 1 1 1 1 1 1 1 1 1 1 1 1 1 1 1 1 1 1 1 1 1 1 1 1 1 1 1 1 1 1 1 1 1 1 1 1 1 1 1 1 1 1 1 1 1 1 1 1 1 1 1 1 1 1 1 1 1 1 1 1 1 1 1 1 1 1 1 1 1 1 1 1 1 1 1 1 1 1 1 1 1 1 1 1 1 1 1 1 1 1 1 1 1 1 1 1 1 1 1 1 1 1 1 1 1 1 1 1 1 1 1 1 1 1 1 1 1 1 1 1 1 1 1 1 1 1 1 1 1 1 1 1 1 1 1 1 1 1 1 1 1 1 1 1 1 1 1 1 1 1 1 1 1 1 1 1 1 1 1 1 1 1 1 1 1 1 1 1 1 1 1 1 1 1 1 1 1 1 1 1 1 1 1 1 1 1 1 1 1 1 1 1 1 1 1 1 1 1 1 1 1 1 1 1 1 1 1 1 1 1 1 1 1 1 1 1 1 1 1 1 1 1 1 1 1 1 1 1 1 1 1 1 1 1 1 1 1 1 1 1 1 1 1 1 1 1 1 1 1 1 1 1 1 1 1 1 1 1 1 1 1 1 1 1 1 1 1 1 1 1 1 1 1 1 1 1 1 1 1 1 1 1 1 1 1 1 1 1 1 1 1 1 1 1 1 1 1 1 1 1 1 1 1 1 1 1 1 1 1 1 1 1 1 1 1 1 1 1 1 1 1 1 1 1 1 1 1 1 1 1 1 1 1 1 1 1 1 1 1 1 1 1 1 1 1 1 1 1 1 1 1 1 1 1 1 1 1 1 1 1 1 1 1 1 1 1 1 1 1 1 1 1 1 1 1 1 1 1 1 1 1 1 1 1 1 1 1 1 1 1 1 1 1 1 1 1 1 1 1 1 1 1 1 1 1 1 1 1 1 1 1 1 1 1 1 1 1 1 1 1 1 1 1 1 1 1 1 1 1 1 1 1 1 1 1 1 1 1 1 1 1 1 1 1 1 1 1 1 1 1 1 1 1 1 1 1 1 1 1 1 1 1 1 1 1 1 1 1 1 1 1 1 1 1 1 1 1 1 1 1 1 1 1 1 1 1 1 1 1 1 1 1 1 1 1 1 1 1 1 1 1 1 1 1 1 1 1 1 1 1 1 1 1 1 1 1 1 1 1 1 1 1 1 1 1 1 1 1 1 1 1 1 1 1 1 1 1 1 1 1 1 1 1 1 1 1 1 1 1 1 1 1 1 1 1 1 1 1 1 1 1 1 1 1 1 1 1 1 1 1 1 1 1 1 1 1 1 1 1 1 1 1 1 1 1 1 1 1 1 1 1 1 1 1 1 1 1 1 1 1 1 1 1 1 1 1 1 1 1 1 1 1 1 1 1 1 1 1 1 1 1 1 1 1 1 1 1 1 1 1 1 1 1 1 1 1 1 1 1 1 1 1 1 1 1 1 1 1 1 1 1 1 1 1 1 1 1 1 1 1 1 1 1 1 1 1 1 1 1 1 1 1 1 1 1 1 1 1 1 1 1 1 1 1 1 1 1 1 1 1 1 1 1 1 1 1 1 1 1 1 1 1 1 1 1 1 1 1 1 1 1 1 1 1 1 1 1 1 1 1 1 1 1 1 1 1 1 1 1 1 1 1 1 1 1 1 1 1 1 1 1 1 1 1 1 1 1 1 1 1 1 1 1 1 1 1 1 1 1 1 1 1 1 1 1 1 1 1 1 1 1 1 1 1 1 1 1 1 1 1 1 1 1 1 1 1 1 1 1 1 1 1 1 1 1 1 1 1 1 1 1 1 1 1 1 1 1 1 1 1 1 1 1 1 1 1 1 1 1 1 1 1 1 1 1 1 1 1 1 1 1 1 1 1 1 1 1 1 1 1 1 1 1 1 1 1 1 1 1 1 1 1 1 1 1 1 1 1 1 1 1 1 1 1 1 1 1 1 1 1 1 1 1 1 1 1 1 1 1 1 1 1 1 1 1 1 1 1 1 1 1 1 1 1 1 1 1 1 1 1 1 1 1 1 1 1 1 1 1 1 1 1 1 1 1 1 1 1 1 1 1 1 1 1 1 1 1 1 1 1 1 1 1 1 1 1 1 1 1 1 1 1 1 1 1 1 1 1 1 1 1 1 1 1 1 1 1 1 1 1 1 1 1 1 1 1 1 1 1 1 1 1 1 1 1 1 1 1 1 1 1 1 1 1 1 1 1 1 1 1 1 1 1 1 1 1 1 1 1 1 1 1 1 1 1 1 1 1 1 1 1 1 1 1 1 1 1 1 1 1 1 1 1 1 1 1 1 1 1 1 1 1 1 1 1 1 1 1 1 1 1 1 1 1 1 1 1 1 1 1 1 1 1 1 1 1 1 1 1 1 1 1 1 1 1 1 1 1 1 1 1 1 1 1 1 1 1 1 1 1 1 1 1 1 1 1 1 1 1 1 1 1 1 1 1 1 1 1 1 1 1 1 1 1 1 1 1 1 1 1 1 1 1 1 1 1 1 1 1 1 1 1 1 1 1 1 1 1 1 1 1 1 1 1 1 1 1 1 1 1 1 1 1 1 1 1 1 1 1 1 1 1 1 1 1 1 1 1 1 1 1 1 1 1 1 1 1 1 1 1 1 1 1 1 1 1 1 1 1 1 1 1 1 1 1 1 1 1 1 1 1 1 1 1 1 1 1 1 1 1 1 1 1 1 1 1 1 1 1 1 1 1 1 1 1 1 1 1 1 1 1 1 1 1 1 1 1 1 1 1 1 1 1 1 1 1 1 1 1 1 1 1 1 1 1 1 1 1 1 1 1 1 1 1 1 1 1 1 1 1 1 1 1 1 1 1 1 1 1 1 1 1 1 1 1 1 1 1 1 1 1 1 1 1 1 1 1 1 1 1 1 1 1 1 1 1 1 1 1 1 1 1 1 1 1 1 1 1 1 1 1 1 1 1 1 1 1 1 1 1 1 1 1 1 1 1 1 1 1 1 1 1 1 1 1 1 1 1 1 1 1 1 1 1 1 1 1 1 1 1 1 1 1 1 1 1 1 1 1 1 1 1 1 1 1 1 1 1 1 1 1 1 1 1 1 1 1 1 1 1 1 1 1 1 1 1 1 1 1 1 1 1 1 1 1 1 1 1 1 1 1 1 1 1 1 1 1 1 1 1 1 1 1 1 1 1 1 1 1 1 1 1 1 1 1 1 1 1 1 1 1 1 1 1 1 1 1 1 1 1 1 1 1 1 1 1 1 1 1 1 1 1 1 1 1 1 1 1 1 1 1 1 1 1 1 1 1 1 1 1 1 1 1 1 1 1 1 1 1 1 1 1 1 1 1 1 1 1 1 1 1 1 1 1 1 1 1 1 1 1 1 1 1 1 1 1 1 1 1 1 1 1 1 1 1 1 1 1 1 1 1 1 1 1 1 1 1 1 1 1 1 1 1 1 1 1 1 1 1 1 1 1 1 1 1 1 1 1 1 1 1 1 1 1 1 1 1 1 1 1 1 1 1 1 1 1 1 1 1 1 1 1 1 1 1 1 1 1 1 1 1 1 1 1 1 1 1 1 1 1 1 1 1 1 1 1 1 1 1 1 1 1 1 1 1 1 1 1 1 1 1 1 1 1 1 1 1 1 1 1 1 1 1 1 1 1 1 1 1 1 1 1 1 1 1 1 1 1 1 1 1 1 1 1 1 1 1 1 1 1 1 1 1 1 1 1 1 1 1 1 1 1 1 1 1 1 1 1 1 1 1 1 1 1 1 1 1 1 1 1 1 1 1 1 1 1 1 1 1 1 1 1 1 1 1 1 1 1 1 1 1 1 1 1 1 1 1 1 1 1 1 1 1 1 1 1 1 1 1 1 1 1 1 1 1 1 1 1 1 1 1 1 1 1 1 1 1 1 1 1 1 1 1 1 1 1 1 1 1 1 1 1 1 1 1 1 1 1 1 1 1 1 1 1 1 1 1 1 1 1 1 1 1 1 1 1 1 1 1 1 1 1 1 1 1 1 1 1 1 1 1 1 1 1 1 1 1 1 1 1 1 1 1 1 1 1 1 1 1 1 1 1 1 1 1 1 1 1 1 1 1 1 1 1 1 1 1 1 1 1 1 1 1 1 1 1 1 1 1 1 1 1 1 1 1 1 1 1 1 1 1 1 1 1 1 1 1 1 1 1 1 1 1 1 1 1 1 1 1 1 1 1 1 1 1 1 1 1 1 1 1 1 1 1 1 1 1 1 1 1 1 1 1 1 1 1 1 1 1 1 1 1 1 1 1 1 1 1 1 1 1 1 1 1 1 1 1 1 1 1 1 1 1 1 1 1 1 1 1 1 1 1 1 1 1 1 1 1 1 1 1 1 1 1 1 1 1 1 1 1 1 1 1 1 1 1 1 1 1 1 1 1 1 1 1 1 1 1 1 1 1 1 1 1 1 1 1 1 1 1 1 1 1 1 1 1 1 1 1 1 1 1 1 1 1 1 1 1 1 1 1 1 1 1 1 1 1 1 1 1 1 1 1 1 1 1 1 1 1 1 1 1 1 1 1 1 1 1 1 1 1 1 1 1 1 1 1 1 1 1 1 1 1 1 1 1 1 1 1 1 1 1 1 1 1 1 1 1 1 1 1 1 1 1 1 1 1 1 1 1 1 1 1 1 1 1 1 1 1 1 1 1 1 1 1 1 1 1 1 1 1 1 1 1 1 1 1 1 1 1 1 1 1 1 1 1 1 1 1 1 1 1 1 1 1 1 1 1 1 1 1 1 1 1 1 1 1 1 1 1 1 1 1 1 1 1 1 1 1 1 1 1 1 1 1 1 1 1 1 1 1 1 1 1 1 1 1 1 1 1 1 1 1 1 1 1 1 1 1 1 1 1 1 1 1 1 1 1 1 1 1 1 1 1 1 1 1 1 1 1 1 1 1 1 1 1 1 1 1 1 1 1 1 1 1 1 1 1 1 1 1 1 1 1 1 1 1 1 1 1 1 1 1 1 1 1 1 1 1 1 1 1 1 1 1 1 1 1 1 1 1 1 1 1 1 1 1 1 1 1 1 1 1 1 1 1 1 1 1 1 1 1 1 1 1 1 1 1 1 1 1 1 1 1 1 1 1 1 1 1 1 1 1 1 1 1 1 1 1 1 1 1 1 1 1 1 1 1 1 1 1 1 1 1 1 1 1 1 1 1 1 1 1 1 1 1 1 1 1 1 1 1 1 1 1 1 1 1 1 1 1 1 1 1 1 1 1 1 1 1 1 1 1 1 1 1 1 1 1 1 1 1 1 1 1 1 1 1 1 1 1 1 1 1 1 1 1 1 1 1 1 1 1 1 1 1 1 1 1 1 1 1 1 1 1 1 1 1 1 1 1 1 1 1 1 1 1 1 1 1 1 1 1 1 1 1 1 1 1 1 1 1 1 1 1 1 1 1 1 1 1 1 1 1 1 1 1 1 1 1 1 1 1 1 1 1 1 1 1 1 1 1 1 1 1 1 1 1 1 1 1 1 1 1 1 1 1 1 1 1 1 1 1 1 1 1 1 1 1 1 1 1 1 1 1 1 1 1 1 1 1 1 1 1 1 1 1 1 1 1 1 1 1 1 1 1 1 1 1 1 1 1 1 1 1 1 1 1 1 1 1 1 1 1 1 1 1 1 1 1 1 1 1 1 1 1 1 1 1 1 1 1 1 1 1 1 1 1 1 1 1 1 1 1 1 1 1 1 1 1 1 1 1 1 1 1 1 1 1 1 1 1 1 1 1 1 1 1 1 1 1 1 1 1 1 1 1 1 1 1 1 1 1 1 1 1 1 1 1 1 1 1 1 1 1 1 1 1 1 1 1 1 1 1 1 1 1 1 1 1 1 1 1 1 1 1 1 1 1 1 1 1 1 1 1 1 1 1 1 1 1 1 1 1 1 1 1 1 1 1 1 1 1 1 1 1 1 1 1 1 1 1 1 1 1 1 1 1 1 1 1 1 1 1 1 1 1 1 1 1 1 1 1 1 1 1 1 1 1 1 1 1 1 1 1 1 1 1 1 1 1 1 1 1 1 1 1 1 1 1 1 1 1 1 1 1 1 1 1 1 1 1 1 1 1 1 1 1 1 1 1 1 1 1 1 1 1 1 1 1 1 1 1 1 1 1 1 1 1 1 1 1 1 1 1 1 1 1 1 1 1 1 1 1 1 1 1 1 1 1 1 1 1 1 1 1 1 1 1 1 1 1 1 1 1 1 1 1 1 1 1 1 1 1 1 1 1 1 1 1 1 1 1 1 1 1 1 1 1 1 1 1 1 1 1 1 1 1 1 1 1 1 1 1 1 1 1 1 1 1 1 1 1 1 1 1 1 1 1 1 1 1 1 1 1 1 1 1 1 1 1 1 1 1 1 1 1 1 1 1 1 1 1 1 1 1 1 1 1 1 1 1 1 1 1 1 1 1 1 1 1 1 1 1 1 1 1 1 1 1 1 1 1 1 1 1 1 1 1 1 1 1 1 1 1 1 1 1 1 1 1 1 1 1 1 1 1 1 1 1 1 1 1 1 1 1 1 1 1 1 1 1 1 1 1 1 1 1 1 1 1 1 1 1 1 1 1 1 1 1 1 1 1 1 1 1 1 1 1 1 1 1 1 1 1 1 1 1 1 1 1 1 1 1 1 1 1 1 1 1 1 1 1 1 1 1 1 1 1 1 1 1 1 1 1 1 1 1 1 1 1 1 1 1 1 1 1 1 1 1 1 1 1 1 1 1 1 1 1 1 1 1 1 1 1 1 1 1 1 1 1 1 1 1 1 1 1 1 1 1 1 1 1 1 1 1 1 1 1 1 1 1 1 1 1 1 1 1 1 1 1 1 1 1 1 1 1 1 1 1 1 1 1 1 1 1 1 1 1 1 1 1 1 1 1 1 1 1 1 1 1 1 1 1 1 1 1 1 1 1 1 1 1 1 1 1 1 1 1 1 1 1 1 1 1 1 1 1 1 1 1 1 1 1 1 1 1 1 1 1 1 1 1 1 1 1 1 1 1 1 1 1 1 1 1 1 1 1 1 1 1 1 1 1 1 1 1 1 1 1 1 1 1 1 1 1 1 1 1 1 1 1 1 1 1 1 1 1 1 1 1 1 1 1 1 1 1 1 1 1 1 1 1 1 1 1 1 1 1 1 1 1 1 1 1 1 1 1 1 1 1 1 1 1 1 1 1 1 1 1 1 1 1 1 1 1 1 1 1 1 1 1 1 1 1 1 1 1 1 1 1 1 1 1 1 1 1 1 1 1 1 1 1 1 1 1 1 1 1 1 1 1 1 1 1 1 1 1 1 1 1 1 1 1 1 1 1 1 1 1 1 1 1 1 1 1 1 1 1 1 1 1 1 1 1 1 1 1 1 1 1 1 1 1 1 1 1 1 1 1 1 1 1 1 1 1 1 1 1 1 1 1 1 1 1 1 1 1 1 1 1 1 1 1 1 1 1 1 1 1 1 1 1 1 1 1 1 1 1 1 1 1 1 1 1 1 1 1 1 1 1 1 1 1 1 1 1 1 1 1 1 1 1 1 1 1 1 1 1 1 1 1 1 1 1 1 1 1 1 1 1 1 1 1 1 1 1 1 1 1 1 1 1 1 1 1 1 1 1 1 1 1 1 1 1 1 1 1 1 1 1 1 1 1 1 1 1 1 1 1 1 1 1 1 1 1 1 1 1 1 1 1 1 1 1 1 1 1 1 1 1 1 1 1 1 1 1 1 1 1 1 1 1 1 1 1 1 1 1 1 1 1 1 1 1 1 1 1 1 1 1 1 1 1 1 1 1 1 1 1 1 1 1 1 1 1 1 1 1 1 1 1 1 1 1 1 1 1 1 1 1 1 1 1 1 1 1 1 1 1 1 1 1 1 1 1 1 1 1 1 1 1 1 1 1 1 1 1 1 1 1 1 1 1 1 1 1 1 1 1 1 1 1 1 1 1 1 1 1 1 1 1 1 1 1 1 1 1 1 1 1 1 1 1 1 1 1 1 1 1 1 1 1 1 1 1 1 1 1 1 1 1 1 1 1 1 1 1 1 1 1 1 1 1 1 1 1 1 1 1 1 1 1 1 1 1 1 1 1 1 1 1 1 1 1 1 1 1 1 1 1 1 1 1 1 1 1 1 1 1 1 1 1 1 1 1 1 1 1 1 1 1 1 1 1 1 1 1 1 1 1 1 1 1 1 1 1 1 1 1 1 1 1 1 1 1 1 1 1 1 1 0 0 0 0 0 0 0 0 0 0 0 0 0 0 0 0 0 0 0 0 0 0 0 0 0 0 0 0 0 0 0 0 0 0 0 0 0 0 0 0 0 0 0 0 0 0 0 0 0 0 0 0 0 0 0 0 0 0 0 0 0 0 0 0 0 0 0 0 0 0 0 0 0 0 0 0 0 0 0 0 0 0 0 0 0 0 0 0 0 0 0 0 0 0 0 0 0 0 0 0 0 0 0 0 0 0 0 0 0 0 0 0 0 0 0 0 0 0 0 0 0 0 0 0 0 0 0 0 0 0 0 0 0 0 0 0 0 0 0 0 0 0 0 0 0 0 0 0 0 0 0 0 0 0 0 0 0 0 0 0 0 0 0 0 0 0 0 0 0 0 0 0 0 0 0 0 0 0 0 0 0 0 0 0 0 0 0 0 0 0 0 0 0 0 0 0 0 0 0 0 0 0 0 0 0 0 0 0 0 0 0 0 0 0 0 0 0 0 0 0 0 0 0 0 0 0 0 0 0 0 0 0 0 0 0 0 0 0 0 0 0 0 0 0 0 0 0 0 0 0 0 0 0 0 0 0 0 0 0 0 0 0 0 0 0 0 0 0 0 0 0 0 0 0 0 0 0 0 0 0 0 0 0 0 0 0 0 0 0 0 0 0 0 0 0 0 0 0 0 0 0 0 0 0 0 0 0 0 0 0 0 0 0 0 0 0 0 0 0 0 0 0 0 0 0 0 0 0 0 0 0 0 0 0 0 0 0 0 0 0 0 0 0 0 0 0 0 0 0 0 0 0 0 0 0 0 0 0 0 0 0 0 0 0 0 0 0 0 0 0 0 0 0 0 0 0 0 0 0 0 0 0 0 0 0 0 0 0 0 0 0 0 0 0 0 0 0 0 0 0 0 0 0 0 0 0 0 0 0 0 0 0 0 0 0 0 0 0 0 0 0 0 0 0 0 0 0 0 0 0 0 0 0 0 0 0 0 0 0 0 0 0 0 0 0 0 0 0 0 0 0 0 0 0 0 0 0 0 0 0 0 0 0 0 0 0 0 0 0 0 0 0 0 0 0 0 0 0 0 0 0 0 0 0 0 0 0 0 0 0 0 0 0 0 0 0 0 0 0 0 0 0 0 0 0 0 0 0 0 0 0 0 0 0 0 0 0 0 0 0 0 0 0 0 0 0 0 0 0 0 0 0 0 0 0 0 0 0 0 0 0 0 0 0 0 0 0 0 0 0 0 0 0 0 0 0 0 0 0 0 0 0 0 0 0 0 0 0 0 0 0 0 0 0 0 0 0 0 0 0 0 0 0 0 0 0 0 0 0 0 0 0 0 0 0 0 0 0 0 0 0 0 0 0 0 0 0 0 0 0 0 0 0 0 0 0 0 0 0 0 0 0 0 0 0 0 0 0 0 0 0 0 0 0 0 0 0 0 0 0 0 0 0 0 0 0 0 0 0 0 0 0 0 0 0 0 0 0 0 0 0 0 0 0 0 0 0 0 0 0 0 0 0 0 0 0 0 0 0 0 0 0 0 0 0 0 0 0 0 0 0 0 0 0 0 0 0 0 0 0 0 0 0 0 0 0 0 0 0 0 0 0 0 0 0 0 0 0 0 0 0 0 0 0 0 0 0 0 0 0 0 0 0 0 0 0 0 0 0 0 0 0 0 0 0 0 0 0 0 0 0 0 0 0 0 0 0 0 0 0 0 0 0 0 0 0 0 0 0 0 0 0 0 0 0 0 0 0 0 0 0 0 0 0 0 0 0 0 0 0 0 0 0 0 0 0 0 0 0 0 0 0 0 0 0 0 0 0 0 0 0 0 0 0 0 0 0 0 0 0 0 0 0 0 0 0 0 0 0 0 0 0 0 0 0 0 0 0 0 0 0 0 0 0 0 0 0 0 0 0 0 0 0 0 0 0 0 0 0 0 0 0 0 0 0 0 0 0 0 0 0 0 0 0 0 0 0 0 0 0 0 0 0 0 0 0 0 0 0 0 0 0 0 0 0 0 0 0 0 0 0 0 0 0 0 0 0 0 0 0 0 0 0 0 0 0 0 0 0 0 0 0 0 0 0 0 0 0 0 0 0 0 0 0 0 0 0 0 0 0 0 0 0 0 0 0 0 0 0 0 0 0 0 0 0 0 0 0 0 0 0 0 0 0 0 0 0 0 0 0 0 0 0 0 0 0 0 0 0 0 0 0 0 0 0 0 0 0 0 0 0 0 0 0 0 0 0 0 0 0 0 0 0 0 0 0 0 0 0 0 0 0 0 0 0 0 0 0 0 0 0 0 0 0 0 0 0 0 0 0 0 0 0 0 0 0 0 0 0 0 0 0 0 0 0 0 0 0 0 0 0 0 0 0 0 0 0 0 0 0 0 0 0 0 0 0 0 0 0 0 0 0 0 0 0 0 0 0 0 0 0 0 0 0 0 0 0 0 0 0 0 0 0 0 0 0 0 0 0 0 0 0 0 0 0 0 0 0 0 0 0 0 0 0 0 0 0 0 0 0 0 0 0 0 0 0 0 0 0 0 0 0 0 0 0 0 0 0 0 0 0 0 0 0 0 0 0 0 0 0 0 0 0 0 0 0 0 0 0 0 0 0 0 0 0 0 0 0 0 0 0 0 0 0 0 0 0 0 0 0 0 0 0 0 0 0 0 0 0 0 0 0 0 0 0 0 0 0 0 0 0 0 0 0 0 0 0 0 0 0 0 0 0 0 0 0 0 0 0 0 0 0 0 0 0 0 0 0 0 0 0 0 0 0 0 0 0 0 0 0 0 0 0 0 0 0 0 0 0 0 0 0 0 0 0 0 0 0 0 0 0 0 0 0 0 0 0 0 0 0 0 0 0 0 0 0 0 0 0 0 0 0 0 0 0 0 0 0 0 0 0 0 0 0 0 0 0 0 0 0 0 0 0 0 0 0 0 0 0 0 0 0 0 0 0 0 0 0 0 0 0 0 0 0 0 0 0 0 0 0 0 0 0 0 0 0 0 0 0 0 0 0 0 0 0 0 0 0 0 0 0 0 0 0 0 0 0 0 0 0 0 0 0 0 0 0 0 0 0 0 0 0 0 0 0 0 0 0 0 0 0 0 0 0 0 0 0 0 0 0 0 0 0 0 0 0 0 0 0 0 0 0 0 0 0 0 0 0 0 0 0 0 0 0 0 0 0 0 0 0 0 0 0 0 0 0 0 0 0 0 0 0 0 0 0 0 0 0 0 0 0 0 0 0 0 0 0 0 0 0 0 0 0 0 0 0 0 0 0 0 0 0 0 0 0 0 0 0 0 0 0 0 0 0 0 0 0 0 0 0 0 0 0 0 0 0 0 0 0 0 0 0 0 0 0 0 0 0 0 0 0 0 0 0 0 0 0 0 0 0 0 0 0 0 0 0 0 0 0 0 0 0 0 0 0 0 0 0 0 0 0 0 0 0 0 0 0 0 0 0 0 0 0 0 0 0 0 0 0 0 0 0 0 0 0 0 0 0 0 0 0 0 0 0 0 0 0 0 0 0 0 0 0 0 0 0 0 0 0 0 0 0 0 0 0 0 0 0 0 0 0 0 0 0 0 0 0 0 0 0 0 0 0 0 0 0 0 0 0 0 0 0 0 0 0 0 0 0 0 0 0 0 0 0 0 0 0 0 0 0 0 0 0 0 0 0 0 0 0 0 0 0 0 0 0 0 0 0 0 0 0 0 0 0 0 0 0 0 0 0 0 0 0 0 0 0 0 0 0 0 0 0 0 0 0 0 0 0 0 0 0 0 0 0 0 0 0 0 0 0 0 0 0 0 0 0 0 0 0 0 0 0 0 0 0 0 0 0 0 0 0 0 0 0 0 0 0 0 0 0 0 0 0 0 0 0 0 0 0 0 0 0 0 0 0 0 0 0 0 0 0 0 0 0 0 0 0 0 0 0 0 0 0 0 0 0 0 0 0 0 0 0 0 0 0 0 0 0 0 0 0 0 0 0 0 0 0 0 0 0 0 0 0 0 0 0 0 0 0 0 0 0 0 0 0 0 0 0 0 0 0 0 0 0 0 0 0 0 0 0 0 0 0 0 0 0 0 0 0 0 0 0 0 0 0 0 0 0 0 0 0 0 0 0 0 0 0 0 0 0 0 0 0 0 0 0 0 0 0 0 0 0 0 0 0 0 0 0 0 0 0 0 0 0 0 0 0 0 0 0 0 0 0 0 0 0 0 0 0 0 0 0 0 0 0 0 0 0 0 0 0 0 0 0 0 0 0 0 0 0 0 0 0 0 0 0 0 0 0 0 0 0 0 0 0 0 0 0 0 0 0 0 0 0 0 0 0 0 0 0 0 0 0 0 0 0 0 0 0 0 0 0 0 0 0 0 0 0 0 0 0 0 0 0 0 0 0 0 0 0 0 0 0 0 0 0 0 0 0 0 0 0 0 0 0 0 0 0 0 0 0 0 0 0 0 0 0 0 0 0
