10
3
1 4 100
5 100 1
3 6 34
5
0 300 100
0 500 200
50 200 100
550 250 100
300 300 200
10
0 30 100
1 1 15
3 1 15
5 1 15
7 1 15
9 1 15
11 1 15
13 1 15
15 1 15
17 1 15
10
2 30 100
1 1 5
3 1 5
5 1 5
7 1 5
9 1 5
11 1 5
13 1 5
15 1 5
17 1 5
200
0 1 1
2 1 1
4 1 1
6 1 1
8 1 1
10 1 1
12 1 1
14 1 1
16 1 1
18 1 1
20 1 1
22 1 1
24 1 1
26 1 1
28 1 1
30 1 1
32 1 1
34 1 1
36 1 1
38 1 1
40 1 1
42 1 1
44 1 1
46 1 1
48 1 1
50 1 1
52 1 1
54 1 1
56 1 1
58 1 1
60 1 1
62 1 1
64 1 1
66 1 1
68 1 1
70 1 1
72 1 1
74 1 1
76 1 1
78 1 1
80 1 1
82 1 1
84 1 1
86 1 1
88 1 1
90 1 1
92 1 1
94 1 1
96 1 1
98 1 1
100 1 1
102 1 1
104 1 1
106 1 1
108 1 1
110 1 1
112 1 1
114 1 1
116 1 1
118 1 1
120 1 1
122 1 1
124 1 1
126 1 1
128 1 1
130 1 1
132 1 1
134 1 1
136 1 1
138 1 1
140 1 1
142 1 1
144 1 1
146 1 1
148 1 1
150 1 1
152 1 1
154 1 1
156 1 1
158 1 1
160 1 1
162 1 1
164 1 1
166 1 1
168 1 1
170 1 1
172 1 1
174 1 1
176 1 1
178 1 1
180 1 1
182 1 1
184 1 1
186 1 1
188 1 1
190 1 1
192 1 1
194 1 1
196 1 1
198 1 1
200 1 1
202 1 1
204 1 1
206 1 1
208 1 1
210 1 1
212 1 1
214 1 1
216 1 1
218 1 1
220 1 1
222 1 1
224 1 1
226 1 1
228 1 1
230 1 1
232 1 1
234 1 1
236 1 1
238 1 1
240 1 1
242 1 1
244 1 1
246 1 1
248 1 1
250 1 1
252 1 1
254 1 1
256 1 1
258 1 1
260 1 1
262 1 1
264 1 1
266 1 1
268 1 1
270 1 1
272 1 1
274 1 1
276 1 1
278 1 1
280 1 1
282 1 1
284 1 1
286 1 1
288 1 1
290 1 1
292 1 1
294 1 1
296 1 1
298 1 1
300 1 1
302 1 1
304 1 1
306 1 1
308 1 1
310 1 1
312 1 1
314 1 1
316 1 1
318 1 1
320 1 1
322 1 1
324 1 1
326 1 1
328 1 1
330 1 1
332 1 1
334 1 1
336 1 1
338 1 1
340 1 1
342 1 1
344 1 1
346 1 1
348 1 1
350 1 1
352 1 1
354 1 1
356 1 1
358 1 1
360 1 1
362 1 1
364 1 1
366 1 1
368 1 1
370 1 1
372 1 1
374 1 1
376 1 1
378 1 1
380 1 1
382 1 1
384 1 1
386 1 1
388 1 1
390 1 1
392 1 1
394 1 1
396 1 1
398 1 1
200
0 1 0
0 1 1
0 1 2
0 1 3
0 1 4
0 1 5
0 1 6
0 1 7
0 1 8
0 1 9
0 1 10
0 1 11
0 1 12
0 1 13
0 1 14
0 1 15
0 1 16
0 1 17
0 1 18
0 1 19
0 1 20
0 1 21
0 1 22
0 1 23
0 1 24
0 1 25
0 1 26
0 1 27
0 1 28
0 1 29
0 1 30
0 1 31
0 1 32
0 1 33
0 1 34
0 1 35
0 1 36
0 1 37
0 1 38
0 1 39
0 1 40
0 1 41
0 1 42
0 1 43
0 1 44
0 1 45
0 1 46
0 1 47
0 1 48
0 1 49
0 1 50
0 1 51
0 1 52
0 1 53
0 1 54
0 1 55
0 1 56
0 1 57
0 1 58
0 1 59
0 1 60
0 1 61
0 1 62
0 1 63
0 1 64
0 1 65
0 1 66
0 1 67
0 1 68
0 1 69
0 1 70
0 1 71
0 1 72
0 1 73
0 1 74
0 1 75
0 1 76
0 1 77
0 1 78
0 1 79
0 1 80
0 1 81
0 1 82
0 1 83
0 1 84
0 1 85
0 1 86
0 1 87
0 1 88
0 1 89
0 1 90
0 1 91
0 1 92
0 1 93
0 1 94
0 1 95
0 1 96
0 1 97
0 1 98
0 1 99
0 1 100
0 1 101
0 1 102
0 1 103
0 1 104
0 1 105
0 1 106
0 1 107
0 1 108
0 1 109
0 1 110
0 1 111
0 1 112
0 1 113
0 1 114
0 1 115
0 1 116
0 1 117
0 1 118
0 1 119
0 1 120
0 1 121
0 1 122
0 1 123
0 1 124
0 1 125
0 1 126
0 1 127
0 1 128
0 1 129
0 1 130
0 1 131
0 1 132
0 1 133
0 1 134
0 1 135
0 1 136
0 1 137
0 1 138
0 1 139
0 1 140
0 1 141
0 1 142
0 1 143
0 1 144
0 1 145
0 1 146
0 1 147
0 1 148
0 1 149
0 1 150
0 1 151
0 1 152
0 1 153
0 1 154
0 1 155
0 1 156
0 1 157
0 1 158
0 1 159
0 1 160
0 1 161
0 1 162
0 1 163
0 1 164
0 1 165
0 1 166
0 1 167
0 1 168
0 1 169
0 1 170
0 1 171
0 1 172
0 1 173
0 1 174
0 1 175
0 1 176
0 1 177
0 1 178
0 1 179
0 1 180
0 1 181
0 1 182
0 1 183
0 1 184
0 1 185
0 1 186
0 1 187
0 1 188
0 1 189
0 1 190
0 1 191
0 1 192
0 1 193
0 1 194
0 1 195
0 1 196
0 1 197
0 1 198
0 1 199
400
0 1 1
0 2 2
0 3 3
0 4 4
1 2 2
1 3 3
1 4 4
1 5 5
2 3 3
2 4 4
2 5 5
2 6 6
3 4 4
3 5 5
3 6 6
3 7 7
4 5 5
4 6 6
4 7 7
4 8 8
5 6 6
5 7 7
5 8 8
5 9 9
6 7 7
6 8 8
6 9 9
6 10 10
7 8 8
7 9 9
7 10 10
7 11 11
8 9 9
8 10 10
8 11 11
8 12 12
9 10 10
9 11 11
9 12 12
9 13 13
10 11 11
10 12 12
10 13 13
10 14 14
11 12 12
11 13 13
11 14 14
11 15 15
12 13 13
12 14 14
12 15 15
12 16 16
13 14 14
13 15 15
13 16 16
13 17 17
14 15 15
14 16 16
14 17 17
14 18 18
15 16 16
15 17 17
15 18 18
15 19 19
16 17 17
16 18 18
16 19 19
16 20 20
17 18 18
17 19 19
17 20 20
17 21 21
18 19 19
18 20 20
18 21 21
18 22 22
19 20 20
19 21 21
19 22 22
19 23 23
20 21 21
20 22 22
20 23 23
20 24 24
21 22 22
21 23 23
21 24 24
21 25 25
22 23 23
22 24 24
22 25 25
22 26 26
23 24 24
23 25 25
23 26 26
23 27 27
24 25 25
24 26 26
24 27 27
24 28 28
25 26 26
25 27 27
25 28 28
25 29 29
26 27 27
26 28 28
26 29 29
26 30 30
27 28 28
27 29 29
27 30 30
27 31 31
28 29 29
28 30 30
28 31 31
28 32 32
29 30 30
29 31 31
29 32 32
29 33 33
30 31 31
30 32 32
30 33 33
30 34 34
31 32 32
31 33 33
31 34 34
31 35 35
32 33 33
32 34 34
32 35 35
32 36 36
33 34 34
33 35 35
33 36 36
33 37 37
34 35 35
34 36 36
34 37 37
34 38 38
35 36 36
35 37 37
35 38 38
35 39 39
36 37 37
36 38 38
36 39 39
36 40 40
37 38 38
37 39 39
37 40 40
37 41 41
38 39 39
38 40 40
38 41 41
38 42 42
39 40 40
39 41 41
39 42 42
39 43 43
40 41 41
40 42 42
40 43 43
40 44 44
41 42 42
41 43 43
41 44 44
41 45 45
42 43 43
42 44 44
42 45 45
42 46 46
43 44 44
43 45 45
43 46 46
43 47 47
44 45 45
44 46 46
44 47 47
44 48 48
45 46 46
45 47 47
45 48 48
45 49 49
46 47 47
46 48 48
46 49 49
46 50 50
47 48 48
47 49 49
47 50 50
47 51 51
48 49 49
48 50 50
48 51 51
48 52 52
49 50 50
49 51 51
49 52 52
49 53 53
50 51 51
50 52 52
50 53 53
50 54 54
51 52 52
51 53 53
51 54 54
51 55 55
52 53 53
52 54 54
52 55 55
52 56 56
53 54 54
53 55 55
53 56 56
53 57 57
54 55 55
54 56 56
54 57 57
54 58 58
55 56 56
55 57 57
55 58 58
55 59 59
56 57 57
56 58 58
56 59 59
56 60 60
57 58 58
57 59 59
57 60 60
57 61 61
58 59 59
58 60 60
58 61 61
58 62 62
59 60 60
59 61 61
59 62 62
59 63 63
60 61 61
60 62 62
60 63 63
60 64 64
61 62 62
61 63 63
61 64 64
61 65 65
62 63 63
62 64 64
62 65 65
62 66 66
63 64 64
63 65 65
63 66 66
63 67 67
64 65 65
64 66 66
64 67 67
64 68 68
65 66 66
65 67 67
65 68 68
65 69 69
66 67 67
66 68 68
66 69 69
66 70 70
67 68 68
67 69 69
67 70 70
67 71 71
68 69 69
68 70 70
68 71 71
68 72 72
69 70 70
69 71 71
69 72 72
69 73 73
70 71 71
70 72 72
70 73 73
70 74 74
71 72 72
71 73 73
71 74 74
71 75 75
72 73 73
72 74 74
72 75 75
72 76 76
73 74 74
73 75 75
73 76 76
73 77 77
74 75 75
74 76 76
74 77 77
74 78 78
75 76 76
75 77 77
75 78 78
75 79 79
76 77 77
76 78 78
76 79 79
76 80 80
77 78 78
77 79 79
77 80 80
77 81 81
78 79 79
78 80 80
78 81 81
78 82 82
79 80 80
79 81 81
79 82 82
79 83 83
80 81 81
80 82 82
80 83 83
80 84 84
81 82 82
81 83 83
81 84 84
81 85 85
82 83 83
82 84 84
82 85 85
82 86 86
83 84 84
83 85 85
83 86 86
83 87 87
84 85 85
84 86 86
84 87 87
84 88 88
85 86 86
85 87 87
85 88 88
85 89 89
86 87 87
86 88 88
86 89 89
86 90 90
87 88 88
87 89 89
87 90 90
87 91 91
88 89 89
88 90 90
88 91 91
88 92 92
89 90 90
89 91 91
89 92 92
89 93 93
90 91 91
90 92 92
90 93 93
90 94 94
91 92 92
91 93 93
91 94 94
91 95 95
92 93 93
92 94 94
92 95 95
92 96 96
93 94 94
93 95 95
93 96 96
93 97 97
94 95 95
94 96 96
94 97 97
94 98 98
95 96 96
95 97 97
95 98 98
95 99 99
96 97 97
96 98 98
96 99 99
96 100 100
97 98 98
97 99 99
97 100 100
97 101 101
98 99 99
98 100 100
98 101 101
98 102 102
99 100 100
99 101 101
99 102 102
99 103 103
400
0 2000 200
2001 2000 200
4002 2000 200
6003 2000 200
8004 2000 200
10005 2000 200
12006 2000 200
14007 2000 200
16008 2000 200
18009 2000 200
20010 2000 200
0 1 1
1 1 1
2 1 1
3 1 1
4 1 1
5 1 1
6 1 1
7 1 1
8 1 1
9 1 1
10 1 1
11 1 1
12 1 1
13 1 1
14 1 1
15 1 1
16 1 1
17 1 1
18 1 1
19 1 1
20 1 1
21 1 1
22 1 1
23 1 1
24 1 1
25 1 1
26 1 1
27 1 1
28 1 1
29 1 1
30 1 1
31 1 1
32 1 1
33 1 1
34 1 1
35 1 1
36 1 1
37 1 1
38 1 1
39 1 1
40 1 1
41 1 1
42 1 1
43 1 1
44 1 1
45 1 1
46 1 1
47 1 1
48 1 1
49 1 1
50 1 1
51 1 1
52 1 1
53 1 1
54 1 1
55 1 1
56 1 1
57 1 1
58 1 1
59 1 1
60 1 1
61 1 1
62 1 1
63 1 1
64 1 1
65 1 1
66 1 1
67 1 1
68 1 1
69 1 1
70 1 1
71 1 1
72 1 1
73 1 1
74 1 1
75 1 1
76 1 1
77 1 1
78 1 1
79 1 1
80 1 1
81 1 1
82 1 1
83 1 1
84 1 1
85 1 1
86 1 1
87 1 1
88 1 1
89 1 1
90 1 1
91 1 1
92 1 1
93 1 1
94 1 1
95 1 1
96 1 1
97 1 1
98 1 1
99 1 1
100 1 1
101 1 1
102 1 1
103 1 1
104 1 1
105 1 1
106 1 1
107 1 1
108 1 1
109 1 1
110 1 1
111 1 1
112 1 1
113 1 1
114 1 1
115 1 1
116 1 1
117 1 1
118 1 1
119 1 1
120 1 1
121 1 1
122 1 1
123 1 1
124 1 1
125 1 1
126 1 1
127 1 1
128 1 1
129 1 1
130 1 1
131 1 1
132 1 1
133 1 1
134 1 1
135 1 1
136 1 1
137 1 1
138 1 1
139 1 1
140 1 1
141 1 1
142 1 1
143 1 1
144 1 1
145 1 1
146 1 1
147 1 1
148 1 1
149 1 1
150 1 1
151 1 1
152 1 1
153 1 1
154 1 1
155 1 1
156 1 1
157 1 1
158 1 1
159 1 1
160 1 1
161 1 1
162 1 1
163 1 1
164 1 1
165 1 1
166 1 1
167 1 1
168 1 1
169 1 1
170 1 1
171 1 1
172 1 1
173 1 1
174 1 1
175 1 1
176 1 1
177 1 1
178 1 1
179 1 1
180 1 1
181 1 1
182 1 1
183 1 1
184 1 1
185 1 1
186 1 1
187 1 1
188 1 1
189 1 1
190 1 1
191 1 1
192 1 1
193 1 1
194 1 1
195 1 1
196 1 1
197 1 1
198 1 1
199 1 1
200 1 1
201 1 1
202 1 1
203 1 1
204 1 1
205 1 1
206 1 1
207 1 1
208 1 1
209 1 1
210 1 1
211 1 1
212 1 1
213 1 1
214 1 1
215 1 1
216 1 1
217 1 1
218 1 1
219 1 1
220 1 1
221 1 1
222 1 1
223 1 1
224 1 1
225 1 1
226 1 1
227 1 1
228 1 1
229 1 1
230 1 1
231 1 1
232 1 1
233 1 1
234 1 1
235 1 1
236 1 1
237 1 1
238 1 1
239 1 1
240 1 1
241 1 1
242 1 1
243 1 1
244 1 1
245 1 1
246 1 1
247 1 1
248 1 1
249 1 1
250 1 1
251 1 1
252 1 1
253 1 1
254 1 1
255 1 1
256 1 1
257 1 1
258 1 1
259 1 1
260 1 1
261 1 1
262 1 1
263 1 1
264 1 1
265 1 1
266 1 1
267 1 1
268 1 1
269 1 1
270 1 1
271 1 1
272 1 1
273 1 1
274 1 1
275 1 1
276 1 1
277 1 1
278 1 1
279 1 1
280 1 1
281 1 1
282 1 1
283 1 1
284 1 1
285 1 1
286 1 1
287 1 1
288 1 1
289 1 1
290 1 1
291 1 1
292 1 1
293 1 1
294 1 1
295 1 1
296 1 1
297 1 1
298 1 1
299 1 1
300 1 1
301 1 1
302 1 1
303 1 1
304 1 1
305 1 1
306 1 1
307 1 1
308 1 1
309 1 1
310 1 1
311 1 1
312 1 1
313 1 1
314 1 1
315 1 1
316 1 1
317 1 1
318 1 1
319 1 1
320 1 1
321 1 1
322 1 1
323 1 1
324 1 1
325 1 1
326 1 1
327 1 1
328 1 1
329 1 1
330 1 1
331 1 1
332 1 1
333 1 1
334 1 1
335 1 1
336 1 1
337 1 1
338 1 1
339 1 1
340 1 1
341 1 1
342 1 1
343 1 1
344 1 1
345 1 1
346 1 1
347 1 1
348 1 1
349 1 1
350 1 1
351 1 1
352 1 1
353 1 1
354 1 1
355 1 1
356 1 1
357 1 1
358 1 1
359 1 1
360 1 1
361 1 1
362 1 1
363 1 1
364 1 1
365 1 1
366 1 1
367 1 1
368 1 1
369 1 1
370 1 1
371 1 1
372 1 1
373 1 1
374 1 1
375 1 1
376 1 1
377 1 1
378 1 1
379 1 1
380 1 1
381 1 1
382 1 1
383 1 1
384 1 1
385 1 1
386 1 1
387 1 1
388 1 1
400
0 1 1
1 3 1
2 5 1
3 7 1
4 9 1
5 11 1
6 13 1
7 15 1
8 17 1
9 19 1
10 21 1
11 23 1
12 25 1
13 27 1
14 29 1
15 31 1
16 33 1
17 35 1
18 37 1
19 39 1
20 41 1
21 43 1
22 45 1
23 47 1
24 49 1
25 51 1
26 53 1
27 55 1
28 57 1
29 59 1
30 61 1
31 63 1
32 65 1
33 67 1
34 69 1
35 71 1
36 73 1
37 75 1
38 77 1
39 79 1
40 81 1
41 83 1
42 85 1
43 87 1
44 89 1
45 91 1
46 93 1
47 95 1
48 97 1
49 99 1
50 101 1
51 103 1
52 105 1
53 107 1
54 109 1
55 111 1
56 113 1
57 115 1
58 117 1
59 119 1
60 121 1
61 123 1
62 125 1
63 127 1
64 129 1
65 131 1
66 133 1
67 135 1
68 137 1
69 139 1
70 141 1
71 143 1
72 145 1
73 147 1
74 149 1
75 151 1
76 153 1
77 155 1
78 157 1
79 159 1
80 161 1
81 163 1
82 165 1
83 167 1
84 169 1
85 171 1
86 173 1
87 175 1
88 177 1
89 179 1
90 181 1
91 183 1
92 185 1
93 187 1
94 189 1
95 191 1
96 193 1
97 195 1
98 197 1
99 199 1
100 201 1
101 203 1
102 205 1
103 207 1
104 209 1
105 211 1
106 213 1
107 215 1
108 217 1
109 219 1
110 221 1
111 223 1
112 225 1
113 227 1
114 229 1
115 231 1
116 233 1
117 235 1
118 237 1
119 239 1
120 241 1
121 243 1
122 245 1
123 247 1
124 249 1
125 251 1
126 253 1
127 255 1
128 257 1
129 259 1
130 261 1
131 263 1
132 265 1
133 267 1
134 269 1
135 271 1
136 273 1
137 275 1
138 277 1
139 279 1
140 281 1
141 283 1
142 285 1
143 287 1
144 289 1
145 291 1
146 293 1
147 295 1
148 297 1
149 299 1
150 301 1
151 303 1
152 305 1
153 307 1
154 309 1
155 311 1
156 313 1
157 315 1
158 317 1
159 319 1
160 321 1
161 323 1
162 325 1
163 327 1
164 329 1
165 331 1
166 333 1
167 335 1
168 337 1
169 339 1
170 341 1
171 343 1
172 345 1
173 347 1
174 349 1
175 351 1
176 353 1
177 355 1
178 357 1
179 359 1
180 361 1
181 363 1
182 365 1
183 367 1
184 369 1
185 371 1
186 373 1
187 375 1
188 377 1
189 379 1
190 381 1
191 383 1
192 385 1
193 387 1
194 389 1
195 391 1
196 393 1
197 395 1
198 397 1
199 399 1
200 401 1
201 403 1
202 405 1
203 407 1
204 409 1
205 411 1
206 413 1
207 415 1
208 417 1
209 419 1
210 421 1
211 423 1
212 425 1
213 427 1
214 429 1
215 431 1
216 433 1
217 435 1
218 437 1
219 439 1
220 441 1
221 443 1
222 445 1
223 447 1
224 449 1
225 451 1
226 453 1
227 455 1
228 457 1
229 459 1
230 461 1
231 463 1
232 465 1
233 467 1
234 469 1
235 471 1
236 473 1
237 475 1
238 477 1
239 479 1
240 481 1
241 483 1
242 485 1
243 487 1
244 489 1
245 491 1
246 493 1
247 495 1
248 497 1
249 499 1
250 501 1
251 503 1
252 505 1
253 507 1
254 509 1
255 511 1
256 513 1
257 515 1
258 517 1
259 519 1
260 521 1
261 523 1
262 525 1
263 527 1
264 529 1
265 531 1
266 533 1
267 535 1
268 537 1
269 539 1
270 541 1
271 543 1
272 545 1
273 547 1
274 549 1
275 551 1
276 553 1
277 555 1
278 557 1
279 559 1
280 561 1
281 563 1
282 565 1
283 567 1
284 569 1
285 571 1
286 573 1
287 575 1
288 577 1
289 579 1
290 581 1
291 583 1
292 585 1
293 587 1
294 589 1
295 591 1
296 593 1
297 595 1
298 597 1
299 599 1
300 601 1
301 603 1
302 605 1
303 607 1
304 609 1
305 611 1
306 613 1
307 615 1
308 617 1
309 619 1
310 621 1
311 623 1
312 625 1
313 627 1
314 629 1
315 631 1
316 633 1
317 635 1
318 637 1
319 639 1
320 641 1
321 643 1
322 645 1
323 647 1
324 649 1
325 651 1
326 653 1
327 655 1
328 657 1
329 659 1
330 661 1
331 663 1
332 665 1
333 667 1
334 669 1
335 671 1
336 673 1
337 675 1
338 677 1
339 679 1
340 681 1
341 683 1
342 685 1
343 687 1
344 689 1
345 691 1
346 693 1
347 695 1
348 697 1
349 699 1
350 701 1
351 703 1
352 705 1
353 707 1
354 709 1
355 711 1
356 713 1
357 715 1
358 717 1
359 719 1
360 721 1
361 723 1
362 725 1
363 727 1
364 729 1
365 731 1
366 733 1
367 735 1
368 737 1
369 739 1
370 741 1
371 743 1
372 745 1
373 747 1
374 749 1
375 751 1
376 753 1
377 755 1
378 757 1
379 759 1
380 761 1
381 763 1
382 765 1
383 767 1
384 769 1
385 771 1
386 773 1
387 775 1
388 777 1
389 779 1
390 781 1
391 783 1
392 785 1
393 787 1
394 789 1
395 791 1
396 793 1
397 795 1
398 797 1
399 799 1
400
34867 1503 189
34552 1972 97
34479 1127 180
5970 1926 104
37674 1385 166
12183 1346 174
16889 890 98
23136 1459 41
18564 1629 48
16622 1068 60
34234 467 140
6898 895 183
19690 777 27
26350 1676 53
3016 1594 194
14956 311 70
20328 103 187
11472 704 65
5438 1310 75
31527 1082 184
26035 813 48
30359 567 68
20367 1696 58
30527 225 137
12563 1666 56
9773 597 97
127 223 31
36866 822 123
27491 301 70
32287 609 113
35893 1045 33
24765 389 104
38462 1352 12
31679 1374 97
3188 1525 178
17132 1910 35
32125 1482 6
24797 722 36
624 946 40
8070 1115 16
227 1968 76
20714 781 196
21957 301 1
12394 794 125
4514 436 78
16754 942 199
32395 573 60
29618 1854 97
18751 596 34
23996 1997 16
9742 1793 12
39195 1917 3
7385 1927 152
14408 354 13
26850 1087 46
36887 1826 98
18639 1170 127
12973 826 49
12187 331 117
26359 1756 183
18760 349 61
7062 1544 31
4385 1453 39
12416 1516 197
35028 1529 138
36127 155 159
19498 1006 32
19857 1565 47
10745 1370 36
4825 1239 26
3722 1295 14
7926 818 198
32720 337 23
3550 415 19
19245 1066 58
9876 874 73
9942 412 91
9562 394 5
6252 452 89
21497 664 145
18312 1108 183
24928 956 176
33349 1177 157
23624 1880 38
12781 1390 3
14893 1839 116
7149 750 11
39622 1584 10
24384 163 195
23941 441 74
10185 50 54
35277 853 172
38190 1433 166
8815 1718 148
25154 198 37
8402 1534 187
27842 1388 63
39574 1097 152
16573 904 145
29724 1802 19
13481 1260 90
14790 1264 38
26482 190 168
16268 1408 100
10840 1641 35
23112 948 22
13980 273 161
28940 1163 41
37138 553 159
9443 1893 188
34071 723 14
31966 1432 120
10765 1861 100
20472 420 57
24464 1966 22
2569 45 184
21949 1270 17
9922 1613 59
32605 1367 174
34474 1359 190
1457 1489 39
31791 1933 131
9909 1820 74
35293 872 188
18594 1200 129
37798 950 57
6337 1411 197
26127 918 87
22739 352 38
1247 230 39
21146 1700 65
25835 1714 139
7898 765 66
31072 709 18
21012 1148 138
30117 1905 190
20934 1 137
29666 81 15
13247 1455 175
32877 491 141
26913 1290 189
8072 1402 193
26999 1365 70
24635 337 15
6877 775 154
19968 450 15
2777 1229 63
27771 1660 182
34835 372 112
39489 523 135
29213 1975 19
34718 1280 38
11759 601 58
2088 733 147
4554 344 54
33030 454 64
19376 1365 50
24760 568 174
37837 200 175
10772 1547 50
5267 1804 18
7285 955 60
12395 1660 144
12503 1221 108
26584 962 73
1892 1498 197
13981 1060 119
31835 804 101
38246 1988 37
35241 1365 152
5635 1384 18
7572 136 116
32400 1386 14
29574 1965 32
20152 1200 100
9134 598 128
9729 417 48
15668 28 197
10253 1231 16
26746 583 183
24572 1119 88
24168 684 80
5978 392 44
15295 834 117
37892 1066 167
27245 1175 108
39350 680 147
26786 532 69
31715 294 135
19360 744 11
36240 1124 79
12923 1256 67
31119 395 89
21013 1213 77
8989 680 178
12991 1099 9
27311 57 148
13133 38 157
38009 1573 36
34380 78 77
22276 1564 170
20442 1955 5
25490 644 36
8860 356 117
21099 197 181
37528 88 52
28040 987 144
18321 1070 90
5127 446 28
13584 1475 47
8089 225 178
36769 1812 14
25924 612 12
24371 1371 150
17471 576 89
9383 1756 52
24254 942 120
30648 133 100
15332 1813 56
36366 805 138
32905 164 68
23835 887 132
8182 461 98
28514 296 59
26386 759 178
31483 1129 4
20701 1101 90
2749 435 129
36267 763 116
23704 1830 136
38931 458 117
19283 200 151
9964 887 197
18543 1413 165
24346 1471 173
12067 1809 23
702 1479 123
8762 1601 131
18704 962 55
15362 1819 196
23482 204 149
38863 350 6
25575 7 128
38157 1912 120
10486 965 193
20125 770 97
5817 1275 136
33971 1800 103
34216 308 145
28102 1560 77
25729 268 163
2277 796 70
39084 1519 36
38884 531 106
19628 1717 54
13924 792 111
6632 1436 174
4003 507 72
13461 1659 138
110 489 85
17815 388 36
25216 1509 184
13464 1955 46
32588 1438 14
3243 741 64
31653 1717 122
36870 525 61
3650 1411 140
6996 955 89
36009 635 149
39102 219 113
25180 304 118
15142 1170 48
3183 723 85
37029 1847 7
37978 1905 8
10080 1021 96
4130 465 86
2292 1683 131
15296 1448 124
32527 313 4
12179 79 124
17847 1400 124
1669 764 131
3737 1751 194
12920 631 198
5597 410 59
36573 1689 8
12957 567 66
10697 1127 26
33715 272 192
2029 588 88
1664 413 197
3905 1094 31
28275 1545 131
2451 303 180
36300 186 15
11319 337 108
15873 1414 61
9496 97 44
954 470 5
37344 1060 168
37310 97 72
28603 1338 128
11800 1286 27
26666 1927 46
3325 1123 169
355 1899 84
8652 146 193
6270 170 75
37403 157 33
37737 440 100
31102 1097 105
4698 1647 138
23923 249 52
31751 1641 193
19867 1113 166
25426 1935 80
27574 466 12
681 1779 23
8766 935 159
31977 281 179
4321 1792 37
8087 1599 170
23986 700 78
21336 242 136
18513 1625 150
27525 276 99
15324 1066 96
20259 1918 184
1849 1736 198
1791 1716 125
6140 1913 84
21660 124 6
17851 463 62
37116 1081 83
39451 1341 23
18174 1739 47
30557 1878 193
34373 48 50
13446 1026 165
24111 743 192
10586 242 111
14474 1168 57
5441 861 169
23065 529 106
12065 335 169
37258 518 158
15232 1539 96
13678 1696 42
15011 1519 7
35685 974 123
6230 208 114
18303 444 119
28813 830 187
9544 1078 112
16761 1138 179
39233 77 147
2205 1386 157
19836 1837 133
32549 647 6
22308 1553 58
12505 374 185
22420 566 135
2598 389 135
4696 346 162
24802 1822 82
28537 658 65
8379 1238 116
19173 1983 112
6127 743 80
28700 1242 72
39964 193 111
8494 170 131
24862 1756 24
8767 1315 114
25380 683 125
29323 1399 73
749 29 93
7272 1611 49
16786 1395 191
24393 1020 169
12623 342 186
27243 686 75
18865 654 12
15431 334 168
7329 1767 170
1371 1543 150
9313 1454 168
23094 1222 141
30596 1899 7
86 338 63
30901 1102 124
13365 573 66
37644 934 184
10482 408 29
31876 484 139
30160 1163 75
39774 862 111
30608 170 197
