10
20 5
14 18
15 17
13 15
16 18
16 19
200 6
86 92
5 58
171 195
135 151
69 165
92 158
300 7
244 275
224 232
180 202
6 24
270 281
251 254
78 116
4000 8
1478 2346
3856 3880
1875 2678
2127 3478
761 994
1162 1941
3910 3980
3462 3600
5000 9
2757 3888
1817 2997
2720 4825
4574 4635
4695 4875
797 3745
241 1388
1214 3272
3358 3482
100000 10
93730 97165
20248 23973
30791 34404
35204 40312
61838 91845
55736 94355
81122 96433
52106 68053
24183 48032
59906 99322
200000 10
163300 178080
76293 182876
93566 115469
22432 109355
34899 158897
73165 158711
120576 175674
57221 90597
24495 169811
158786 178435
400000 10
101425 351853
63983 275231
379316 382188
102575 287629
304417 313109
283591 353248
343444 345701
166313 258926
220473 364791
285214 364674
600000 10
504128 586693
568271 582415
525436 576619
514735 532562
168349 231871
201673 306906
150216 454776
556449 564226
162768 452417
201482 319686
900000 10
484884 581692
488932 553256
588533 781338
337583 864274
77553 221078
501648 897738
526081 660767
508927 653434
338379 790596
46027 794623
