10000
-13571
-26423
-29040
16204
-14636
18680
-31207
13210
21266
-14401
21838
29887
-22052
31999
11254
-5784
-26165
-21153
-21973
-31176
31230
-32414
-9477
27189
-28058
30445
16451
-19851
-9481
-6283
-3440
25016
16045
-28153
11284
-2926
-21968
-1467
-32726
-13476
21788
-22747
19205
-15125
22816
-16739
22803
-28352
-8914
-230
-14613
-8295
6664
-22264
2116
-16400
-24574
-10162
19582
-2950
-29139
12847
24262
-19673
23308
-22289
-26048
-10458
30736
28413
24630
32160
-18602
-12570
-16277
20742
21129
10646
4720
-20267
-5059
16418
-16125
22768
-1358
20081
-19859
8829
11654
-18109
-17202
25020
-17067
27201
-3067
-3293
-23903
-4032
30132
-10448
15148
31229
14917
-10190
-4348
15936
6717
22481
-28063
15064
1870
-24855
11336
7571
-24269
21668
-30480
-31304
-13363
-19132
22898
-29006
-11167
4461
25294
26114
25681
27395
22759
-17732
29488
23697
31332
-23547
27973
3183
-20818
15757
574
-12470
-5536
14951
9964
-3526
-8098
26235
-20421
1217
27279
12221
15203
-12814
-9987
-1189
19715
7127
23934
-2736
-30471
28811
8418
25823
-13685
21852
-20729
-2615
6261
-17602
27885
11327
-24278
31990
-30158
11653
8330
32376
24848
-10265
2342
6793
-6922
-1040
8803
-4530
-6520
-7683
-11936
-16956
-32249
-32141
-4957
26293
-18578
-7121
21441
-25713
-6698
-14833
6933
-10759
1804
18328
-22343
-7632
31080
22897
25449
7275
-9170
-12206
16943
1852
-961
-19586
26740
-25320
-29713
-6823
-6069
1498
20354
-9177
-18580
-22210
9014
22360
9558
6929
-28983
24682
5222
21886
-751
3287
-21200
13444
19374
-17259
-7879
4321
-23336
2680
-29216
31768
24564
-7762
-19668
-24304
14862
-6097
3970
-10228
7510
8914
-26091
-2545
17423
17590
-16756
19067
-12640
13025
25511
-8295
983
14652
30898
8786
22497
12468
16870
-17689
-14931
-1465
20537
27231
10980
20160
-20165
32523
11952
-29377
-23880
10695
-29367
24506
-31394
-2434
-32347
-20778
-32601
-1006
-30182
-9878
10264
9219
-27906
18952
12331
2171
18752
-9867
-31749
-25171
-13457
11952
21435
848
-8144
-29452
11655
-31864
21814
18616
-2117
19605
-6883
-32720
-22009
-7861
-25948
-10740
-30279
-6317
6664
-28874
-16633
-14737
-25010
31865
-8317
18493
2827
27184
15461
20944
-32036
-21149
-13285
-14380
14840
-24695
-26712
20599
28896
-30453
22459
-4509
-8477
-26708
-1840
-21195
19538
-15444
32125
-6645
-14598
-1723
-19851
31313
-17703
-19921
12519
730
18562
227
12868
-15567
1868
32449
26615
-14897
13468
-11328
-15994
-13384
1262
6840
21226
14879
20642
-16006
-23944
28419
-18043
13707
11323
22792
11809
7595
-11533
-16260
15007
-31568
2218
-6546
27877
12261
-19684
-3216
-1607
-91
10034
31393
2813
-11175
12076
-8492
-21665
-4417
16656
18267
13492
26535
26688
-31901
-10009
728
-22978
26405
-5271
-10970
-32447
8809
-9564
564
-3844
11683
9077
-31860
15236
27219
27991
25771
-26836
-10939
30809
29676
31150
-20578
25400
-30673
10607
-31378
-6290
2294
30361
-17626
-363
-20859
7505
-5516
18346
25478
-8673
31808
-10397
-8127
27447
8271
-22385
11218
28005
16217
-28603
30961
-25631
-15296
30706
23120
7488
-15146
29683
11175
21318
-21763
1916
1971
-6097
20728
-10417
3765
20008
30078
-25242
-15601
-13748
-26185
-10146
-20784
-1154
4821
-13337
17215
-4549
-13537
179
-19054
4178
24302
-17672
-29714
-22819
-6852
-2578
-18947
17877
6126
-19634
-2334
6954
27193
-12331
26564
-903
-22585
16549
-27738
-6519
14788
-17835
21447
550
-26229
-9390
2041
-6118
13355
-21376
9825
-9390
-1415
-23257
5746
-11414
26737
-26838
-12325
18524
-17555
-29557
29304
4067
-6620
27418
-18922
-5295
-20223
32013
26369
-27754
4082
-26105
-9413
19297
15472
-21615
32578
-12039
26231
23393
-6666
-6258
-24778
-29863
22192
22233
-23920
4990
31566
25116
-7219
-18180
26880
-17724
10530
27837
-25191
-6366
-11023
-29457
-25127
3533
-16914
11211
361
1909
-30213
-11932
28249
-18025
13573
-19350
29353
8925
25079
3505
-2573
-22317
29441
-19786
2237
-23124
-8205
-21151
20982
19062
8522
2132
-7801
-26455
-32170
-15857
-21258
7393
-26980
31329
-26355
7585
-13428
-24181
-23166
-3402
18710
-5983
-15743
-15154
14927
24888
17864
-27856
-25188
-6522
30130
-14404
-4449
-24966
21146
-28367
-19348
20767
11106
5975
-6159
-14573
28396
30948
24361
29948
4771
13606
22781
-20282
2290
-29420
3049
-29181
18378
6318
-23313
-27258
-24353
5892
9434
15183
-8045
-17197
-29039
32506
-20525
16777
-12608
6751
30305
-31
-2942
32582
11021
16664
-15520
-32475
-441
-13634
1248
-11308
-32500
-9871
-9919
-20142
-7884
-12947
30077
-25785
27480
5385
-29602
-13831
-9007
590
376
-30266
-28654
4580
-7054
30547
-11446
14576
-10551
27707
15531
21693
-23305
-15165
29046
17719
6494
24714
452
-6001
-726
-24756
-4037
16416
31443
-19252
16302
26141
18428
19685
24119
15591
17083
-21126
-5917
28446
5055
15163
15265
-6409
-634
-6924
6408
21265
21412
3429
24345
-19524
-14262
6036
5794
29908
-18800
6991
10227
-14485
-7252
22827
29025
-18818
-23336
-806
-28101
-31288
30328
-24350
-27387
10361
25362
31063
20579
14251
-26760
26362
30051
6998
-32689
-6288
-2018
29098
-16681
-15499
719
-11766
25548
-12733
-13464
21298
19263
-2527
21940
-15991
-9831
-7180
-12057
385
-7663
10051
-20678
19764
4807
-1256
-22587
-27668
27808
27459
18172
19659
-30833
-16384
-26898
-7335
22261
31406
19337
29210
31530
5952
-17139
1848
-14548
6287
484
1084
-25336
-6869
16244
-23043
-31329
-30260
-28096
11407
27678
-28973
105
19846
-24578
-809
17171
-18097
5923
9972
-16360
29821
-23132
15677
13843
-12413
-30923
32535
8261
-3046
22099
-123
19251
-6673
-2587
17091
31765
19197
3341
22321
-10024
21963
30808
-4454
-13870
-13120
21487
18923
24297
-10310
29959
12460
2468
-24683
-27805
-12152
-18346
-6241
1518
-23682
22988
-22652
-21757
-31971
18143
-16183
-21776
-5910
572
-23471
5939
-5498
-8767
6183
180
-30932
9928
-13442
-6565
-6858
-20413
-20684
-27486
105
902
1970
28408
15519
17807
6405
3027
-25282
-15562
-9274
9745
2312
18986
29421
15640
-23308
12073
21338
6676
-15440
17475
-739
3698
31413
16249
-10381
-16998
4357
-2767
-24450
4967
-31081
10958
20880
-686
4083
-13571
-25001
-13242
-1302
22142
26209
-31439
-24616
-27220
29811
-31602
-4583
-8221
-14653
-22254
-5874
12918
-25919
27347
-10827
11648
-9888
-8050
2011
-17760
-13224
18018
-16110
-15549
25927
2301
-5299
23365
-24973
-26340
30398
29736
22064
-17527
-32134
-31899
17162
2398
-32486
12887
-21656
20227
-12448
21016
20091
-7957
-23253
24094
-1531
-16903
6799
29871
-27775
-7567
13367
-13970
10774
-8999
-30239
15765
18418
-20112
11002
8969
27367
13386
7263
5697
-7664
-8220
9546
791
11435
-17298
-21658
18535
-3544
-29818
-8084
32402
24030
-31591
9310
19964
-26950
29230
-31877
21901
-18238
-12908
8056
8500
1047
-21502
-21771
12384
23495
-15238
14324
-3205
-1127
-14573
18513
28573
-2230
13788
3617
31397
-12949
29761
19398
-31772
-1417
23761
16522
-18055
-18749
23936
31511
5871
-9213
-22538
-15357
2913
17724
8302
26671
10605
8206
2926
2950
-29864
13743
-3344
-27453
-5418
-28666
26399
-10356
3601
3058
-26539
29357
1020
5181
-14213
19026
5008
27556
-14532
-21293
14327
26517
-30019
-14062
16732
31393
-7456
6056
-23408
28414
-5439
4692
9192
-12550
-5573
20813
20733
10678
-22685
11987
26603
-10544
-22519
26504
-882
-24889
7363
23798
10840
28604
-7482
26631
-13797
-31045
-11094
15243
-18533
21383
-29525
-22198
-21418
16342
-2618
1951
12167
-13742
3148
32194
-16470
15658
19349
-27774
11635
22926
3684
-15768
10175
-958
-24012
21430
-16414
13508
25635
-23781
-19961
-77
23427
-13588
26045
16173
-3148
-22679
-24410
18903
-23456
26277
27844
17126
27110
-13274
16502
-29079
-16712
-27830
-17386
-11340
-5173
-18460
24098
21258
-3039
-18899
-18978
23036
-9918
5384
-32116
25582
-9995
-20170
-7842
27859
4422
-4237
-3008
-1088
15024
27304
-28896
6126
-26578
30423
28315
20028
-31476
-31418
-20623
-28842
12967
6739
21467
-26207
30780
-6796
32165
16036
-15947
13231
-404
19303
-28461
29676
14423
19385
-27521
12759
-9756
-9808
6315
3815
-4377
13318
32592
-2552
10247
6744
-31195
-8650
-14498
-13801
-29436
1920
30250
-5372
-13348
24865
-20453
509
17418
7194
-22427
7672
-21801
20410
14361
-2848
17471
12213
-15279
-10058
-9935
-3746
-25265
-22127
27040
28797
2553
23854
32573
-11558
-8547
-19271
-7795
8928
29264
30241
-4309
-30931
-30244
838
-4411
29066
15561
-737
14911
-19829
25385
6727
-1215
-15720
-6583
-15979
-22110
-25882
-15079
-32360
-8195
-28071
29106
24059
-3160
10255
-28691
-16390
-15948
-16309
13708
24847
8081
-31968
-26018
25023
-16159
5949
-11868
-24931
-16303
6236
16072
-10350
-22081
20015
-19830
-25333
-22679
-19854
-12028
27441
-23480
1205
-31856
9217
-25198
-24004
-18929
-25446
7111
-28990
27934
27909
12696
18570
-21405
-31912
9973
-12405
-27030
24765
18106
7087
4149
9429
8710
5450
9260
19495
7867
17214
5166
-7179
-5631
-30951
-1909
-30335
702
22917
-5181
-17573
16421
-2747
1607
-28995
22568
30480
-13655
-29506
25085
-8306
27574
-26671
28831
-686
-23729
16061
-4429
-1529
11031
-28993
23048
362
-32703
-20532
2072
-19837
-12288
-23733
-11912
-26258
-29752
-13061
-29861
8044
11845
-1289
-25731
25523
16399
-9419
-18808
-2674
29180
-7929
-7839
14489
27002
-25957
-3414
-21372
12153
-2435
31680
-851
-18158
1774
11076
17848
21330
-7652
-26380
-4140
20256
15813
-17031
658
-21082
32664
-26600
-10674
26885
-12421
30373
20919
-31145
27740
-29176
-26801
-15314
18445
16225
-28948
-16017
3118
13602
1080
-32508
32633
-14530
25815
3753
-16714
28043
-8594
18999
13349
-29452
-18284
8134
-30766
13207
-9293
25978
-30128
17092
6528
16379
-30615
-19436
32309
6392
22005
4271
4608
-9632
12417
30574
-32601
32039
14611
10706
28186
-16199
-3625
17220
-9732
19132
-9574
3954
16698
-967
-17933
-22736
-28356
-10924
-5002
18197
-17677
16948
10218
19898
-9317
1580
-15966
10878
10625
29156
-28092
29669
12278
-22193
-29438
14260
-25793
619
-3009
10615
-26818
30192
24774
24827
-828
-11167
117
-10452
-25687
-28125
-26965
23768
30623
-15764
-9365
22690
18050
18607
-28807
-30225
-27349
28831
31519
7110
-4432
24793
-11385
-23465
-3085
13654
-336
8548
29965
12561
30087
-28902
24755
1165
32420
13538
-8263
9292
-5712
7502
5236
12121
-21721
-3557
-4043
26048
-7088
-7333
18750
12048
20459
8273
24229
12511
9412
-20208
-26429
-30022
-30232
-27724
5668
8545
-13033
2164
-27870
15313
22492
20026
32211
-826
31164
-25014
-16078
-21701
-24565
20162
-27520
8863
-12057
1915
30715
-31351
-9055
-29382
-4919
-7172
-23327
-2761
-14737
-8061
12632
2926
22343
11295
10282
12516
31485
16043
-25436
1565
-6203
32742
13015
-17232
-23020
11031
-11561
15481
1249
-1164
23043
-24532
-27212
24597
27835
-17510
-27206
-14215
-3787
18548
-1609
-20794
14928
16394
-950
30348
-9356
-13173
-7760
-14940
-14436
-11722
19135
20368
8419
-7005
-2319
28559
-25525
-14410
-18222
20679
-2989
3823
-21362
-11561
-25408
-1648
24336
-22696
16135
306
-4262
26558
22593
2912
-9906
-26087
14158
6506
-10776
-7203
11829
-22144
-12448
26488
25375
-796
-12150
8046
27354
25461
23976
-3217
-29527
-15885
-9900
28403
32300
-27172
-11479
5287
11027
-28226
-23527
71
-4713
-11953
2938
-8047
12208
-11264
12692
4416
-23566
20866
9501
-31966
22731
-21453
28769
-30707
-27095
-7995
-13198
32041
-66
22124
5946
29363
-29889
-24770
-20186
16581
21040
2276
-11084
-30743
-12298
-11068
-15694
2151
7411
29817
-2052
-1780
6447
-12301
-17270
1283
8488
-9904
-12048
-30302
18412
3291
29729
10192
25004
-334
6236
-17834
15934
-7051
89
29249
-29596
2648
533
27757
14436
-16961
-1902
-17932
-20054
-15380
16553
-10877
-31960
-17251
26348
13606
7029
-21765
-3779
22511
-11353
3477
-2719
20932
-1751
10226
23890
13591
-4580
-3006
15509
32347
-3737
-27615
9091
-14986
-29365
29952
29979
-15776
21273
3089
-11969
26909
24138
7363
10941
647
26354
-30733
-29371
6630
32351
17066
8778
71
7938
29592
22877
-20026
-26354
-25243
16077
31315
25191
-26296
-4821
32684
26175
1210
20884
5218
31356
-11696
25998
28692
-21700
3437
-27179
8807
-25311
26887
32311
31108
-25917
3417
9825
30872
-6510
19841
16316
24147
29864
4450
577
-15210
-28228
-29731
4939
-6421
-23105
-29358
10265
-12178
21439
-10802
-14415
11424
14214
9890
-16502
2565
-11901
16691
-5239
-29704
18483
3810
-16932
-16375
-9561
24300
-943
-29347
12870
18772
-16945
22239
-29042
19808
10277
9220
22011
28
-17386
-13424
11811
19158
14917
-19459
7632
14752
-2268
-28321
-10507
22994
22716
-18098
20097
-10373
-24788
7077
12805
4377
22647
22632
22284
-31663
31198
-8690
27440
27568
-5284
-32186
-8366
-11845
-12360
2109
-6375
6364
16046
-15228
24290
-22441
24223
-17787
-29129
19490
-11844
-28355
-24424
31619
-11695
-4321
-28337
-3400
-12627
-7396
-23099
22966
25735
12771
6846
-2130
23558
-17269
16792
15975
14450
20536
-25419
23941
-22732
10315
4605
20988
7422
-17363
-26615
29029
-14417
-10618
-8743
-26906
5111
25835
-19102
-15546
16771
-3415
-29458
21670
32108
-23539
32604
7302
-16782
-21111
32763
-12740
-26536
-29089
7312
-8719
23518
-32688
3680
-14810
-24377
24298
-10966
25307
23075
-29719
-32254
4748
16108
7427
29962
-18605
31815
14079
-6353
-7616
-32717
13665
-22603
24972
18553
-18431
-25366
18843
-2346
4536
-5109
-12220
23333
-28396
-27468
24706
144
19455
-6565
31170
-14072
3034
6701
-22809
6604
32361
23863
6755
5344
-26398
696
9797
26347
-4973
-9418
-20645
-13320
-334
12842
-1837
10297
5566
-22714
-4043
-10720
25406
32767
22324
7236
-82
-21412
20316
-12818
-28163
24053
24063
-20441
3678
12900
23324
32396
-10995
-10248
8052
-28164
-2903
9241
-8976
1916
7075
29814
-11192
4116
-8946
14879
-2941
-23374
2534
-25531
28464
-3476
12580
14355
-15592
28336
-22483
-28821
-640
-19538
4641
25554
-29718
27789
20415
-16384
-31374
4186
29280
-21881
-21005
-1556
29757
-28986
14462
19451
7828
-18277
-11280
17074
20517
28095
-14774
-28608
-21427
26163
-23462
20498
18057
14669
-26587
14967
-3827
-8383
3731
-21027
25280
-16864
-26833
2349
24007
-30760
5852
-13073
10335
-12214
-28350
-10030
11749
20426
15046
-29513
-25401
13643
2055
-7689
7489
15682
-1239
31097
30565
24413
28496
1417
-18962
22637
5074
25228
-12600
-25833
23423
-21435
8908
2920
27326
20913
-5446
30506
-20409
-11502
-13859
-25232
-16607
-16469
-12388
-4512
27490
13229
-782
23682
-20921
-20003
-26536
-18950
14880
22726
-18624
14875
-11540
-4362
18534
8281
-983
11078
-22191
20089
-1778
25910
-22580
-20183
7341
10362
-23696
-20215
-1945
15637
-25829
6653
13575
3054
14936
9011
-7054
-29010
21649
-8327
10634
-8048
20540
13578
-17303
4316
30090
11122
-21274
2829
-20145
16537
25784
12511
20071
-32252
22236
-9490
1643
-9277
6198
-15561
-28157
9634
30263
16907
-14433
12435
-31638
17989
15200
-18976
-24270
-1223
26054
-30841
157
21826
17893
32115
31366
-11857
8209
-8458
15696
-14317
-5410
-3033
16261
-28150
-22773
12708
15349
-21169
-30955
-19407
48
12613
-12904
25572
-19215
-28733
-22869
28177
-15148
-29705
-20127
29607
-19813
4477
1718
19869
-27485
-4176
-8207
-28427
-2555
-15774
-2466
-16303
22505
3687
-14700
-1643
-31766
21006
29423
-25541
-25652
29915
7597
23653
-9019
-21113
11185
29595
24548
6264
4102
-21975
-21295
14540
17725
4910
22238
27724
-25579
27100
-1016
-17716
18729
-8381
24903
20900
19730
-29138
8665
19999
-2377
-1218
29571
-26636
-12145
-31063
23897
4153
-28594
-509
-11831
23891
28475
3654
-31548
32367
-20154
-1384
-11849
-15748
16614
-4285
-9351
-4590
12534
30275
23774
17133
-31014
-794
13951
6692
10553
1544
-16219
9755
-23794
-23032
4777
3261
8858
119
-18276
-28122
-29054
19510
-28363
21926
-12398
7051
8927
-16184
-19518
-8943
9448
-9997
24137
18305
3057
-11650
-25321
-2434
-839
18781
0
32471
6398
2629
23410
-23946
7276
-27461
-425
5705
3243
-13646
-23567
-32486
-5916
29106
-14232
3285
-9695
-27817
23350
8113
32348
18383
-11874
23479
28605
-7332
28570
5194
-4465
12043
-31453
-18029
4523
12236
8240
-9036
-5088
3858
2589
-10932
8013
-24301
-13359
21910
7535
17873
-29048
-20616
26761
-278
-779
17987
-27170
-30582
-16002
14886
-18820
23442
17528
29362
-10813
24173
-18192
29708
31394
-29167
24685
-2686
-21063
7011
-31032
25847
24713
22009
16157
16262
27397
1349
-11086
-7651
23581
-30655
-6399
5606
24954
-31041
27624
-10765
-6789
-30092
-18118
-13306
22252
10947
-20954
24307
25891
27630
-4456
-12897
28897
29560
-19513
-11346
-29087
17842
538
-27639
10524
-9038
-29275
27686
-12764
3044
-12880
-19928
7588
20592
-21460
12972
-9216
-13778
7105
10083
24765
10061
-18553
-7778
8815
-30985
-26721
-31284
18668
14994
16480
10245
-13263
6486
-16996
-18984
-16630
21290
-5085
-29329
-23301
14534
9281
-27995
-6113
16452
21382
6980
26421
10149
10411
23596
20720
-10060
6191
-2458
-17349
-13441
23192
-311
29610
21487
21230
16209
-18522
31783
1341
-2393
-23507
-2075
-7446
-10341
-2264
14755
1039
13231
-2416
-19452
2111
27412
9573
5700
-4803
-8597
28870
-15871
-28219
-14298
6757
31125
7501
9898
-19034
-25297
16673
6517
-4222
22884
4068
-6346
25329
30048
23366
17633
11413
-2494
-9979
-8210
-27537
14040
20286
-26972
-24527
3311
16201
1759
18813
-16038
-14302
98
-14224
25477
9665
2510
-26172
19064
-2107
7601
-11645
23629
-26521
10172
-32658
3641
23467
-16197
30589
-25684
-8774
-29126
30596
1048
-17859
-7516
22451
22246
21373
-23369
9303
-15490
-8791
31346
27780
19858
-10547
2530
-8337
-11810
-25980
29509
151
28707
-20893
-9582
-6901
1511
27527
20177
23247
17574
-19247
10250
9866
-30461
18702
-20052
-3665
-32618
-13472
11795
2708
-2769
6885
-32075
19075
-21242
7395
17958
4759
28945
-22050
-370
-11018
16420
-21295
-16672
24154
20393
-6169
-27334
-1995
-26101
14071
542
-12770
4806
30304
901
17642
20922
-2033
20093
17778
-15573
-20171
8235
-8909
-20223
-13842
7642
5520
13956
-5999
28534
3608
-14226
12687
-27154
13058
-7871
-11938
19043
-28593
17280
15068
32578
4812
-6835
11000
1070
-31933
-22806
12976
19399
-24115
-9677
11078
-14933
1696
23776
27135
12351
-17084
-25019
-9890
9364
-19200
-429
29181
20357
16940
-26217
15456
-25832
17346
-6280
-27680
-24247
648
4612
1046
-22415
30474
24766
-23069
-30002
-7702
-22778
23960
-25350
18238
-22494
28138
23700
-29529
5622
-16635
18441
17154
-2483
-22969
-24760
29976
23016
3733
29078
30012
24651
8194
-8124
-31319
15354
24314
17641
-13585
29683
-25465
23037
3675
10650
-21248
-29055
-30182
-23352
-14099
16921
-16553
13942
-25531
-16663
-5983
-31462
28164
19691
-29958
-27770
12928
26539
13666
-22027
27587
401
-13176
7124
-22757
-21370
-30739
24052
29699
18793
-30786
10991
-14526
32001
-25560
16942
31418
-16398
1003
-26234
-19488
14076
10582
-16517
29725
-862
11063
-20833
-30049
-32361
-30065
29959
-9377
-887
-10027
-29906
20246
19076
16719
-10753
-28923
21172
-25868
12344
-31762
-23755
-8788
-10240
11808
-30132
22111
-2370
30572
-4347
6695
-1488
-28997
-13138
16618
31709
25721
-11535
-26283
30847
24542
-25772
3760
-18996
-24269
-12615
-20997
9050
32674
17696
7672
-19638
19005
-10270
667
26606
-1668
-16969
4422
-16911
8927
-30289
-19218
-13832
-10938
19462
8031
7980
-19719
-10974
-31310
-23476
-29369
9330
25416
24379
25930
20225
-11125
21824
-1334
-12268
-11334
-21416
4222
-13880
5612
-7481
-31014
-17679
-19934
29728
-19383
20032
-23895
-31851
-9662
-31930
-28630
11920
15435
28436
-24988
23013
29299
521
24114
14118
32718
-10996
3808
2802
9977
-25176
22838
22605
-31765
-7771
-11655
-8992
-15175
-23878
-25961
17077
12086
16390
-12855
17467
10128
-13486
7056
-23880
32645
12531
-3541
28242
13386
31919
30894
5429
-2968
-3167
32133
20400
-18986
27557
-11785
11752
31299
-14278
23213
-5347
-16933
-10796
28967
-4366
19099
13029
27377
14520
13680
8995
-19403
-7828
-9206
26555
-12343
-21563
19840
-21414
27644
-31912
9704
31362
14500
28346
5130
-6929
-29694
26550
14406
6585
28317
19906
-17154
-2819
19030
619
-23334
-19997
26822
-17696
-5279
14168
27081
9653
30429
-19114
-14852
-1761
4948
-1581
-12637
-12480
11262
-15518
16766
-29521
27095
-32734
-13397
-22777
-9056
-7029
-31382
-26878
-13086
-7946
2616
-31245
24088
-30956
-19700
5301
19036
8333
7882
-26090
-1402
-20738
-23675
-16771
6919
21380
528
-13499
-15131
-23025
22865
10420
-28883
26956
14415
-5360
-26833
21561
-20443
-16854
-18359
17794
-2572
6963
-4272
23188
30909
4790
7143
19970
-21516
-4723
7437
12802
2269
-32609
14807
-15083
-22357
-19420
-12414
6589
351
-6691
3646
-26265
2346
-28379
-30167
-6981
-32681
-29578
-30223
7593
-25362
-18717
28718
-23124
3424
-27235
-3712
-28408
13009
7824
-19159
25834
28776
-31675
1286
-31651
27244
-31072
-10599
834
31463
4830
-26454
18183
-28712
31226
30644
-2009
23362
-22875
29541
1729
-28299
9996
-14802
-8045
-27677
1789
-26472
29358
9304
15745
23574
8442
-1118
-12754
20947
5355
13462
137
790
-23998
18218
7718
24925
-6613
-30344
2446
23463
28981
29669
3719
13561
8201
17845
-6206
27356
4381
-13877
5058
-11229
2148
-20961
25223
-24076
-23923
30206
-23780
-13694
17923
28434
-25749
23244
12403
-10086
1850
-8594
-11843
-25995
-12502
-20208
-28314
-6866
28240
28684
18625
16850
-16373
-16525
22182
-19686
-31732
8481
8027
-9389
-16609
-7673
-20884
13961
-30771
-1352
3628
4896
-26822
-3528
17056
-7389
22874
3381
-5010
18032
-17170
16079
-22343
24906
-5110
-6620
8234
-31778
-369
-14372
22343
20851
-27347
19572
-26321
-17915
-19408
10523
-29853
-30525
16127
22128
-11428
23040
4188
14666
7045
-26830
24518
-18822
6401
25207
-21378
22661
17021
6283
23223
-26539
1411
19939
-32752
3809
-14913
9497
19357
-29460
19976
7947
13970
-19636
-32206
10588
11398
-32310
-8365
-15603
7829
14994
611
3194
-9663
-15302
-19920
-17120
13671
-2385
1914
-20951
24021
20152
6156
-20567
-7860
16901
-26322
26905
-18836
6723
-1087
22813
-29801
-5635
-25704
32293
31754
-4570
10631
30008
-5811
-12001
32376
18719
30340
2356
-319
12523
-31744
-32371
15744
-24173
-30863
-1092
-14085
23741
252
3791
-1084
32436
-20471
1856
30903
-23922
-14484
21065
24490
-26328
-10442
26269
-18032
-31759
15349
-29558
-22278
-8191
-23893
-5904
-17038
13785
31373
-9516
-15310
-20366
-17957
-32142
-431
-3157
2568
-29311
-31166
1833
2566
-16203
23214
21833
30291
3780
-26324
-5302
-28166
4542
-13994
2744
4508
-9617
-4941
21081
9586
2714
-24830
-6889
-17486
10938
-6564
-30329
-8663
28630
-22345
14432
23832
-10837
-28313
-25528
-25346
-1957
-6502
-10722
24807
-6326
-12583
30974
18175
26749
31092
6772
-23270
-8818
-31371
-24942
23068
-18707
27598
26971
-11396
31839
11843
25710
9958
20572
-22291
-31260
-23917
-13201
18955
13730
1578
-25997
25630
1149
27535
32094
13793
-17648
-28404
-26
19982
25730
-6933
-1882
5122
3709
18066
30650
12862
-27247
18030
18266
-4330
-27309
12433
-21600
-24653
-10955
-11846
-19316
-13142
-24102
-24254
7747
10775
-20058
-18827
2556
11332
-27084
24869
-11734
13240
25122
-5480
-12680
9969
-23237
30228
-31695
-17295
10086
-25932
30956
-6361
-6774
23064
28963
-4664
25517
13027
-28477
4537
32388
6142
14087
-6799
12474
-28187
19409
-2959
6355
22738
-1776
-27059
19604
19744
-15932
-15000
1929
13282
31378
28416
-27007
7263
15956
23888
-17674
32444
23524
-19474
-32256
-3717
-23597
-3189
30716
-7466
-29978
-9416
-5340
3199
4124
2819
-17220
20796
-24744
-28478
-7449
1403
-2742
-5687
-5638
-2877
22852
17361
14842
-16101
-1234
13712
31656
14779
2531
-11550
4870
-9323
-3970
-2760
27599
6531
23994
-30721
-9217
-6136
25629
8670
6751
-1442
-20542
921
3312
16827
13367
-16655
-18302
18276
-15652
-4418
-25112
24608
31142
14551
-3984
-26199
12385
5273
-31742
6101
-18046
-13300
-15163
30792
13865
891
-18279
-17349
-5396
-1890
-3940
28996
10995
-9733
-5465
-17695
-6142
607
7472
-29591
2930
26260
-27415
-21327
-2576
-15975
4611
8143
17565
8644
21032
19459
32352
-28472
1922
-25785
-935
30324
-10320
807
-12354
13007
21396
20322
-1542
-5568
28564
4839
21323
24935
-22620
23319
-26991
-4869
7737
11187
25425
-23936
-21567
-16740
-31702
13280
-28357
25653
29800
-25557
12772
18967
-2930
-16430
-12283
-2396
-742
-23395
-22574
6973
-14007
21004
5346
28244
-17247
9576
-31298
2338
15449
9687
1213
15498
29352
28000
-26502
26196
-19279
27180
27411
17324
-9687
30985
23455
-21409
-21196
-4072
1960
18854
-6720
30816
20082
4115
21062
6697
16002
23205
-1400
-21921
17443
-18682
-10610
28234
26596
-6422
25941
-1353
-7448
-27105
-26693
9193
8276
-3495
20459
-22038
26101
27799
7924
-21731
6296
-30532
-17296
-16645
10144
10534
11764
27989
26036
6938
-30424
-14674
14142
9694
5625
31644
-20717
5270
10393
31866
-1587
26443
18426
85
-10184
9574
28646
-25147
-29221
-16441
29994
15966
3082
-1398
-3095
11410
-5369
-8630
-24320
-2770
17336
-13043
-13502
22459
5331
27407
-10031
-7439
-2327
16971
27058
27187
-29721
-14800
8109
24242
23213
11818
-17160
-17593
-24943
14791
-6831
-15256
-19262
-10109
-16659
-29255
1979
-29953
15018
-29151
-20943
-25969
-7275
-30748
24098
-9163
-16979
-25058
-6565
-30068
-5602
9653
30729
-31922
-25758
24127
-21061
2865
18063
25806
21780
-1154
5314
31700
-32628
-20631
-28614
-2405
-12584
-24137
22066
25020
18744
13779
19229
8630
21612
-6996
3236
6485
-19412
-16720
23144
-17983
-25411
2864
19470
-24125
26575
-24509
14269
-27068
-11859
-2985
10403
-28239
4589
-13319
25968
10539
640
22733
-1753
-22953
-9011
-26457
7702
-7112
30960
-23785
-27493
21161
-10470
31010
9349
8977
18183
138
-19259
-32234
-13451
3854
5073
15042
-3692
31356
-23442
-16971
-11239
17674
12111
18649
11521
8142
-25054
-6375
6400
-32067
12949
28050
3310
13259
979
23837
31258
-12327
8568
21355
-29846
14336
-5991
-7304
4538
-15458
-6155
32545
22175
-15420
-29392
26374
-13989
-14049
6821
8111
8685
-11914
-15489
7861
9184
15058
-26075
-24149
4518
11064
-15152
-18417
-18608
-14753
-16000
11918
-32047
-19667
-9682
-22870
-6298
19195
16812
-7703
10284
31784
-29595
-3011
23396
31949
-13489
-9454
-4739
-16451
11266
10835
32018
-9029
-21798
30032
-18521
-3698
14011
-25189
-24040
10447
10464
19385
-12818
-6722
11194
-5012
-8813
24088
-19954
-16102
25684
-9600
9013
-8127
869
-18957
-19124
-4053
-28676
-20536
1442
15106
7638
31196
23992
31171
-12870
26808
-23476
15289
17155
-20721
-19925
556
-9344
15245
-7777
-27267
18547
22777
-14879
-18637
-11350
-25476
1758
21052
-22505
-4577
27116
-22436
27566
6569
24224
-4096
16236
-16855
-7376
-29422
-4269
1355
20315
-9006
16704
-17735
-23201
-26919
-9655
-3061
-13062
-15714
-25578
24286
17267
25357
-24946
-8564
-25556
4729
16943
-1930
24475
13212
30403
-6103
3132
-10383
-23317
15991
-28591
10257
25806
-28521
30449
-10243
-25055
22802
15491
22506
18169
-9912
-24297
-11121
3604
21256
-26412
29924
-9449
2705
16217
4022
27512
-7751
14592
6907
17026
1537
9142
17391
10768
-29435
29587
8301
28650
-29268
-30645
6520
28193
8081
8379
-26038
22918
26392
-22346
5104
-8240
-22710
25228
-9620
-22522
2586
24236
-14643
15618
-2392
-17243
-17667
-16428
-24423
-31311
-24926
-9629
8867
1470
-9025
-13120
-6475
-14055
-1742
28484
-27652
29833
27082
28316
-26708
-4458
5664
13182
-21288
-13010
23644
-7141
-19279
-18189
-15921
24591
15357
3053
-10483
-8447
-24393
9541
-16414
1788
20655
17263
-14285
28688
12175
-22983
16196
-11914
20907
-25902
31591
-22397
1453
17032
4416
-8511
-26015
-5438
16508
20970
-14705
-15805
3567
15838
-26999
-24565
-32268
-22077
232
-31195
24430
18286
-16480
2535
-9554
-10139
16478
17814
-21018
-13618
9159
-24553
29131
-9576
-23138
24548
9360
689
29530
-1809
-14645
-6986
-32703
-18427
22445
-32687
1284
19635
15245
4389
-32642
3406
32398
8242
-29941
-30308
-29454
6943
-5882
8083
-3728
-19581
30103
4602
25656
10653
-16818
7871
12112
12566
8089
17802
-28102
22851
2425
11015
2731
-3779
-16870
8039
6325
-17143
-22106
-13535
7358
-2696
-12718
26152
-26691
-19422
16034
19710
-998
32170
6747
-26786
10733
-30044
-22240
-29784
20673
-17838
-19868
19945
-17775
-11543
479
27681
-22058
-5209
-4957
-25938
3271
-7412
16557
1487
-31039
16304
31179
30322
-3121
31511
663
-29464
349
4600
9555
-4383
-23082
-23014
-29993
-5615
26657
6583
8355
-23918
26480
-30726
21553
-20618
10601
31153
-11431
27571
20224
-4187
14780
-21853
-4944
14571
4237
1155
-9750
-10763
-28183
-30495
5684
4778
-27072
30899
-19504
26746
-14287
30916
5299
18035
31727
-29017
15114
-23374
-11184
23936
-13224
26635
262
-16330
22178
-20076
31944
-14538
10801
12151
31026
-11673
-15668
-6648
-19556
32341
-4524
18685
-31457
19614
-5950
29272
-31249
-21015
-13748
-9505
-703
-18155
26492
14385
-29595
22597
25639
-18600
-17337
11991
23276
18535
1296
1364
-15651
7319
30461
20214
6346
19488
-10429
28153
-771
15923
-11254
31262
4756
2241
-22319
5929
-27237
-20225
-6227
23395
21510
-12270
22322
-17945
27175
17606
-26624
-17947
21278
12173
3541
20541
-2916
14728
3371
-1497
16408
-450
20067
27468
-14715
15243
-4160
-11893
21874
-31988
-10857
-32057
-4615
7508
-24556
27649
10216
-9157
16822
-27706
-13543
17831
-8476
21204
30328
29981
4693
28356
5174
-32652
32509
12163
31327
-15391
18580
-23436
17491
19013
-31485
-22242
-14105
-24624
3840
31111
-19417
-10584
-15560
30214
-19043
-13559
24166
-20458
29607
-29835
-25164
-25156
-15419
19031
19922
-30250
5849
10209
20404
26930
-20189
15477
-25234
-25595
29387
13217
-32623
8357
20167
952
24627
-16724
-30492
-19535
-21033
14001
25270
-17603
-6274
-13928
5543
-15024
-24272
-16811
-23462
8315
15243
-15277
4747
-11210
17039
4136
-1236
1030
10140
-27096
-21540
-224
-28885
-30974
29630
-30921
-14658
18910
-13070
8057
-847
11074
-22561
29801
-6986
9460
-18984
-16728
2536
32327
19449
10442
-5824
21647
-18062
17540
-23247
16805
9092
21521
25331
4708
14236
-31553
-25200
-3374
-15678
-4261
30062
18535
-24305
-31764
-29560
-4345
20964
9513
-20990
-24783
-105
-29122
-5845
-25946
-17524
21635
-23218
-5647
-12833
27473
-23474
23271
29227
11735
-8149
17118
11381
11268
10110
19060
-645
23691
12277
-12847
-6660
-31586
-1510
25878
14144
-30787
-26591
28472
-26538
29999
30933
-1059
-15448
21734
-17056
-5486
5252
22895
18554
-31024
30731
21143
-10628
-8325
-495
-23658
21313
24080
-23253
11707
-17433
15476
17288
30370
24024
25818
12148
20216
-18476
-5487
28459
-13533
25386
10211
27364
-6963
18890
10218
-27895
2081
-25702
-31166
-31843
17296
-2879
-4252
18248
-5553
14584
13635
7533
5494
-19737
23672
31419
1812
-24206
-3460
8640
19079
-7717
-22708
17965
-23054
-18708
24024
-18264
-22699
11120
-25285
-31419
12452
-12983
-31188
-1651
16901
4167
-14432
-19394
8475
27620
-32075
24973
-25850
-9782
-18298
7903
-1528
11080
-7252
13668
-19505
-21771
-32328
-23535
-19969
-24017
-29508
2293
32396
-25299
6974
15631
-19514
30379
22191
-23932
20275
17370
32019
7836
-2023
-16196
-9066
-32374
-11657
27311
-29370
20275
3215
-10055
3723
20897
-30004
-6173
-2921
-24497
14838
-5283
30054
-9977
-15897
11058
-26262
-29491
5153
-13188
11665
2236
-11356
-28986
1012
3862
4950
18007
-21727
2919
16482
30148
-4985
27383
29720
-30154
-8552
7606
-9938
21147
-17753
-16564
-1838
8393
12670
22694
-2191
-32717
-6667
7272
-412
11393
-23480
20341
-23231
9126
12867
11377
-19622
21600
-32491
-24480
-11974
25269
7925
4460
-21971
31249
-21035
227
586
12229
12632
11830
24296
30083
-13517
-5435
3887
7140
-19167
-30700
-19944
-25827
32359
-14567
-7068
-9823
-11584
-17900
-32025
31900
-20173
-4705
18932
3266
19056
8657
2817
-22365
24084
8808
26844
6875
-5284
-6009
-10852
-17938
19602
5113
-17210
-31416
20049
-1281
29255
8168
29403
3152
28723
-1187
-23084
-27335
-11759
-4685
12741
-31467
9004
3884
-2858
15206
11489
-28909
-16996
-27014
31689
16158
29823
11196
-4834
1461
1549
19487
-21999
22407
14754
-743
10231
-24786
-22102
-20722
6597
-2484
24134
27202
10342
-10418
-21779
-12412
2990
-17714
-5729
-15723
-5299
27137
15449
32124
7247
1997
-5672
-23104
419
26540
-11902
-29932
14479
-11667
-25104
-28892
26683
27360
-1559
19980
-6545
-16593
7886
21405
30144
-4875
9719
-2647
-5306
18964
-24919
-18209
-23479
9689
-18741
-17802
27568
8232
-32479
-21059
-8165
-24375
-21286
1443
7256
-14364
-23773
-3618
-27728
16722
-8030
-2782
12503
-30011
16644
30233
-24380
25752
-20914
-8121
3985
-30994
8523
-14279
23341
18357
-9784
-26864
-19244
29552
-29669
775
-22250
-8086
-16708
-13697
-29324
29280
-32584
23032
-11640
-10089
32619
20136
-24791
12848
-10793
-24821
-28186
28826
-17795
-18403
3442
28013
-19325
-11933
-11350
-13014
-20640
20207
23553
11492
-31353
-7115
20466
-7178
-1560
31688
27754
-6049
24209
-5022
25841
-8292
17279
-8363
27346
-17138
-32636
-25457
-27546
-19024
-11946
-6678
24477
612
5421
-2787
-10353
-2683
1455
7878
-32625
-14276
-22491
-3024
29755
2002
-28386
4023
31539
-8990
20473
14932
-3070
-28547
-18649
-18470
-20487
-12992
-9789
3278
24829
-17658
-31336
-28049
5971
21303
-29596
-27610
-26814
12772
17060
16309
22203
-16208
-4427
596
27911
22063
-2275
26766
-20517
20503
-26815
-3419
-23516
6150
11449
19545
20918
-19675
17325
-11339
6018
-29656
-22011
22933
1490
-15143
-7177
-12480
-18046
-19538
-17599
-22780
17183
11977
-27658
28313
-9109
-14943
-8537
-15757
23682
6605
32291
-3058
19917
23854
-19551
-29829
-28959
7297
15626
-20776
-6249
10795
11941
-13664
-15452
21874
948
-30936
-23280
15619
-2369
-20956
26078
-12653
-27990
32734
-16677
10148
-17798
-1525
-20873
15231
9573
-30041
6927
16954
-17676
-18409
-28547
-27892
-14230
19109
11506
31538
-12709
6196
3121
32090
-24542
9055
32596
10041
-19816
20884
8247
-12926
-23153
-9572
12024
20797
17066
30981
8314
12397
-13254
-18641
15589
2666
-29695
3525
20001
18803
-6288
-10243
24158
14893
19516
-22864
-1679
19999
-9670
20374
19690
28212
3702
-16228
4970
23868
14491
-3689
-5709
-10858
9731
3581
-31382
-13271
16005
-17816
-27788
14590
30328
19801
-20025
-32063
-1337
14464
-30188
-31324
-11177
-4084
31928
8959
2732
23742
7410
-13618
2475
-17036
8375
-7397
-19730
10799
24676
-26220
15571
31774
20764
16638
-6882
27376
-9030
-4407
-10679
19941
-28939
-5014
25295
-2910
31964
-3840
15659
-4961
32747
-5948
976
27158
2221
24437
15429
16973
26975
-7355
7448
10229
-13949
-30850
-5209
-15014
-21836
4897
24093
-30745
6737
5716
-11005
5802
30680
-22458
22164
-28637
-15471
2904
-11781
-31446
24936
-1557
18034
22239
26970
4156
25478
26086
20128
18429
-28140
30460
473
5100
-31190
-215
-30822
9600
23927
27729
-19184
2965
-22409
28391
25567
-21738
17864
-30011
15843
-17060
27508
-7571
12911
2762
18387
16983
22585
10951
31917
5271
-29116
18923
-17614
-18050
-27575
11242
31368
-17904
27563
-13147
11823
-1754
-28256
-29754
-19611
24028
-30304
-22119
21929
27322
-19066
18469
-8890
4824
17473
-155
15666
3008
11915
21078
17658
-30112
-13299
-3526
-26367
1481
23895
-29628
25521
-16690
8282
14323
9605
-18163
32227
-4996
-26483
10954
12444
26479
27513
24473
27508
-28441
-16662
12774
-10269
-713
7119
21081
1423
27178
14766
-28738
13955
16076
-22974
-25617
32761
24227
17040
-27099
18355
-28294
22713
-27612
12983
27826
17746
23792
21457
-21316
11383
-8984
-27151
19138
-29640
4603
12099
27795
6379
-30051
-13957
-5506
6151
-11196
-23214
18495
-25163
20632
15582
8158
-25701
-30509
-21238
21078
7436
-29909
1567
-17156
-17271
-15246
24897
9509
32227
-17528
-20365
-11871
-10256
-2649
-27380
22841
10692
-5148
-23213
14238
-23880
-3918
-16819
-21855
1510
31392
15684
-10926
-22129
-24679
-29540
7843
1981
-8479
-12632
-6586
32546
-19940
6699
-10323
1277
-4855
25901
11569
2863
-12864
11374
9212
-924
-3526
-19271
-29631
-18094
-16952
19666
20842
-2512
-20839
27245
-12881
-26099
-23754
-6716
-20139
28172
28665
-11684
13333
-21907
-23346
32720
-26636
-9990
7640
13359
6774
2660
24814
1267
-26650
-7091
-416
-8596
11556
20858
11195
7500
26530
29511
1072
-28057
-10761
8235
25493
30910
7600
-25913
-8355
13377
-5459
-25611
27321
-21358
-12178
-2365
13400
1491
-2416
-21231
-11685
-17859
-213
-10055
-20202
-14035
1804
-15085
-29462
5216
-838
-1934
568
-12294
17685
21081
11272
42
1777
-17029
12894
-15986
183
1993
17336
-5703
-2596
-4322
-26040
-25434
19806
21009
-28580
28
-2412
7066
-5349
-9284
-25786
-70
32649
-21326
-20374
-19426
-31425
-23286
30389
-2494
-11619
-25025
-17839
6959
-25704
-1396
-31102
-24077
-28015
-2458
-17155
-25397
313
-5635
-31105
13576
15915
1344
-23840
11755
-13008
-17192
26987
24261
-30804
-15190
14291
-1412
-23818
22440
29226
5017
7910
-3777
-21800
-17527
-13827
649
-17130
-17431
-12063
11944
25965
-25975
5658
-9998
24856
-26902
28795
-26222
-5936
-21370
-18411
-11454
30817
-21419
-17592
28088
-26427
-14773
-22611
20316
10930
-32042
30674
-14445
28830
-21405
-26223
28399
-24633
22312
-4103
18095
-15524
-15591
-29595
-24507
-5986
-7035
7635
-29926
4827
16776
13174
14918
-13531
7223
-3059
-19381
-18704
-11700
23516
-11091
21392
5041
-28518
20482
-4944
7650
-29930
17384
5293
29823
22374
-21233
21479
-20165
10493
-18763
28578
-14709
-7539
-16872
-27492
27987
5298
1280
-537
-13737
-13640
-30348
2194
26305
5862
5324
-24577
-25711
31970
1730
-30846
14469
-8374
-15028
25478
14684
-3199
-5294
-30327
-16465
-1407
11517
-32021
28742
-1691
7861
-31752
-3101
19166
26156
-860
23873
-26612
20349
-4351
-10781
-30896
29959
838
15522
-22406
19947
-7017
30918
26898
-19601
-4098
-767
30351
-3364
-12178
30412
6241
-5137
-4861
11565
12428
7308
-24585
-4902
30010
30475
7138
-4159
-2873
-30665
3481
32007
12410
-30020
-12448
-10636
30355
22207
-14160
-29669
-3390
12993
-7523
-28329
-7384
32149
-19066
6005
-12515
-18376
17561
-7530
-12932
-3245
29350
-14252
29446
4316
28397
3044
-18005
20655
-27039
-9407
-11652
-32452
6990
-30829
-4424
4734
-18291
-32547
3194
-26243
-20200
22937
-18073
-26431
-21102
1932
24133
20832
-25897
11837
-25541
89
-20255
-28401
25475
19679
-24508
19823
-139
-31599
20561
-9861
7951
15046
13968
13955
7909
12902
1810
-12222
-9735
-8472
10194
-24847
31506
2917
-4783
27730
-28616
31259
-2029
3303
23439
18639
20660
-28212
9711
1109
4496
-4640
24856
-22857
-11504
-18330
-29786
-4746
13735
-12560
-22187
10169
29038
-23289
-22820
23486
27487
-25163
-388
-27460
5755
11013
-29867
-19256
38
-9895
28960
-30542
4774
-10933
22925
20605
-26536
-22328
20286
-2942
10938
-3389
23717
-12112
3026
-30035
-12248
9142
16837
-5649
-25873
20407
-7377
31374
24877
-18462
10516
26855
15407
3576
24851
-10429
15290
-23833
-28724
-22964
-23962
-2711
1348
-23030
-29243
-29516
13553
-15534
-18224
-31320
27729
20621
25006
-6046
-29530
13896
-18703
30274
32615
1815
24911
9010
21945
2871
21906
19354
-32244
-106
4764
-2925
-1182
-28786
-20823
-19427
-19876
6042
12625
-12789
-30421
23341
-25404
-7395
-19044
20476
-25452
-13487
-16746
-20700
-17500
-2208
5730
9510
2346
-15808
-26539
14134
4118
-19806
27145
23276
3334
21388
-11045
9262
-5125
-28065
25608
19812
13248
-10425
23460
-11770
8200
-48
22860
-16610
27731
-27691
10038
-15119
22074
-15
-9472
12795
-8188
-6408
-27176
-21027
-31482
-7300
30867
9605
569
18101
32519
27176
-17635
2322
-11185
30868
-24774
-30934
-3744
14934
-11476
19840
-3143
12414
-29601
-28497
-24575
2593
-15849
5585
11907
19159
11527
30283
10354
-317
-25982
-588
-15569
3444
2420
-13864
23430
30625
-17202
30581
-18398
22123
-24485
-910
31496
-17792
-30944
28177
5783
27664
-12440
-12130
26372
4944
31399
-17189
30250
19705
30602
22216
-11721
-10695
24291
2039
2563
32762
31223
13094
-23521
-16856
-11824
-21002
-7119
25640
-6044
27168
-19484
-21689
13165
2853
27516
-217
-6776
23964
-30598
-27614
-19382
-16716
32565
21921
-1733
-31679
-17771
-28926
-13927
30404
29545
10838
-27394
3821
23385
-32269
-25887
-29202
-19141
24332
12268
3532
27933
-11583
19386
-3579
15924
15384
26751
-27457
3267
26890
-12373
2436
-3301
16912
8697
26224
31386
-15396
-31564
22515
-19524
-31176
13270
-23231
29997
8576
-1854
-28876
-14334
17493
4051
-4051
-2377
-21588
28935
-8147
513
11021
4591
-2448
-25085
8213
-26564
21775
8825
-12164
20580
22556
6292
-12408
31954
29892
-10195
7056
-27570
-26587
-1181
-24945
29646
10104
1724
20805
-24211
20852
-3042
-3895
-4756
10734
27170
-6904
-19975
10697
29299
-26173
-28995
7468
-817
31551
-22856
20994
10908
-13114
-18999
22136
-22870
-31982
27094
-18306
9449
13089
18957
12118
6719
-795
875
29679
8232
25384
-24482
-21899
-27095
-6426
-5127
32045
31077
-20676
-3091
-6940
-12877
-17024
-17381
5474
-31727
-27050
12989
17998
-29710
19235
17794
-19187
-12625
19407
26941
24998
5573
-5911
9628
-22660
12633
-5480
18288
-3050
13409
-29362
-6959
-29947
-29204
-13545
14195
-18461
29454
25224
-22393
9084
-6095
14601
-17827
19846
-19257
29550
22006
878
17686
8379
28829
-22441
-23696
2682
-11364
-8307
27319
11062
-31038
30283
15615
-13568
23232
17011
6079
10221
-12963
23921
18611
30869
-6982
-15761
18810
18070
21033
13665
-29209
8975
12915
-16947
15223
-26406
16237
-27294
-4575
-6786
-16133
-11517
-14209
-27090
25677
32239
14065
-11588
2553
22229
26022
32526
31972
-21591
30332
-25065
-22155
-25824
-7219
30609
-26512
-1821
-15341
18247
12856
6274
12212
5198
29934
13253
6386
-17521
-17598
8033
-17143
-22140
-14299
19477
-5495
-26815
8218
-25442
-5897
20366
-21876
-26128
-32681
15299
-4232
-23209
-23351
28986
21783
-3068
-15350
3412
-27782
-22428
32013
23925
28767
3167
-5386
17799
25808
22751
-30810
-13940
25386
18941
3026
-13487
21603
22873
-10025
28332
-15253
3034
-10107
25444
-4222
8236
4552
6354
10750
19773
17778
-25208
-14491
4288
16067
14299
20736
3499
-26981
-6914
1657
-31416
744
-3835
-5497
-8423
-3392
-7766
7701
-27130
-20805
29097
-28295
32503
-28977
-30218
-23979
30378
2852
-5016
-13701
-5153
27555
29682
-11705
-5422
20501
22718
-30225
-4329
14661
548
20731
26155
19939
-9552
15881
14867
19715
29428
13423
1669
-4253
-11715
-28040
14502
-8203
-20727
16209
-24418
21134
18124
-1772
-27111
457
-12035
8991
30247
19523
13664
-32467
-12121
26601
-30764
11157
15480
-1163
32436
3096
16066
15963
16327
3761
-24635
-8305
14396
-30682
-29224
-14153
-4458
15535
-7060
-13123
22447
-28020
6094
6946
16618
12301
-1257
3726
-768
-19077
-16955
6290
14938
15752
-24287
-4638
-24677
-28392
6195
5254
21009
25628
26715
-31746
-26195
3260
-9403
-31276
5284
7430
-11393
-14469
-11135
30812
-10009
2800
-5862
-11204
-21174
-12852
-14046
-30823
25296
11903
-17903
-28178
28321
-8670
20389
5560
-28583
17094
-14097
-11246
-20517
-24206
19785
-27502
-2465
-27635
30691
-26517
21351
11666
-26494
30436
24837
25713
24122
11651
-12494
-4727
-1595
-26553
27223
-19696
22569
25717
-19708
7946
-4531
28617
11868
-31834
-15368
-7529
-2265
-17239
-16988
4912
-6681
-20446
-6249
-25500
-4488
-7597
28907
-30797
-20180
31464
-1059
3210
-12399
19095
26197
-14268
-29200
22309
28234
-2032
6962
13538
-11215
-11353
-32148
-13442
28212
12236
17336
26013
23246
-17219
-3940
10541
4981
6235
10275
-21523
-27911
19414
-14789
24978
13795
-24601
-8923
-13778
3182
-18350
-21308
28766
-17810
32708
14979
20135
-25402
-15018
18062
7807
6871
-6744
-29184
16542
-27614
-31462
25280
15137
17992
19730
-6265
23558
-16656
191
-11032
-27569
24761
-32625
6481
-28522
-28102
-14034
-10010
31708
-23359
13103
19501
-6040
-15667
-18939
12938
-11664
20272
-21579
17651
3996
-2764
-31065
-19823
-2297
-20000
2306
-9160
196
4680
-26184
27661
-11396
12773
-464
-25873
21150
16283
25701
18154
-7390
-27795
18803
12658
-31477
-32506
18829
-10953
-5365
-22655
5351
-11729
-19926
3289
-15837
18608
22005
-2111
-4970
19282
19856
-17902
2994
1509
-30539
5799
15992
5979
31406
-30511
28584
19436
13988
30413
-10703
2961
9214
11727
26782
22666
18414
-17413
-21356
24024
-13964
1860
-1968
-3524
9557
-4580
29578
-20566
-3495
-323
-16443
-16863
24390
-15424
19625
-368
17114
18881
14300
3936
-27759
14125
31620
-15306
32243
-3826
-5744
9485
31164
-24321
-18200
-17994
17663
20301
22036
-5609
-14938
-18512
-28835
-13333
-19531
10630
4901
-10555
14262
-4079
-929
-13455
-18019
-11409
23616
-10887
8573
10996
9680
25438
13333
10148
578
-14738
7581
14003
-26413
6246
-13422
-31284
-26697
-6753
6210
18625
4596
14285
21690
25590
-21424
-1338
-5082
16116
31394
-504
-24712
21727
15381
-30368
30992
-3937
20469
25484
-12707
-15652
-6997
-32602
-26323
6235
27370
17773
25
-23866
15757
-5227
-592
-28793
7869
23744
-12855
-5590
4378
24346
-18162
-13968
2283
-31468
-11401
-14316
30361
3307
-22120
25012
24882
23956
-8669
-21683
4327
-8099
-18590
-4410
-18831
-32413
25408
3486
-5410
-15688
31681
-23735
-7742
-25646
-12287
25699
-6821
29
-25662
-9217
-17852
-28841
-1447
-2807
27406
-18089
23747
24365
-200
-12982
-28676
13199
-21050
944
30268
28303
14940
-13624
22820
-24736
-28231
3638
-18390
-27324
22455
20309
22868
13535
-32656
-29058
16127
29833
-2134
29809
-1824
17216
14515
15641
28515
1292
-5621
1074
-18263
-24314
3726
21694
-25327
-15770
13458
-6781
-7428
-27520
-2108
-16503
27088
14278
-21097
24439
31093
-11401
3867
31882
27252
21864
-26616
22404
3126
-5640
-16073
-18811
-12679
4242
18427
-13129
-4886
-7219
-13601
-31758
-16886
19355
-28528
8109
10784
895
-25153
19786
-9454
-8471
-21907
5586
7074
12449
22663
10868
14813
13276
-15330
11040
-12328
-30862
-7310
1295
-1647
-32510
-32281
-24890
-32385
28794
-30005
8929
1681
-9683
25142
30214
15288
-15836
-15255
-28144
-31857
17390
-26741
13225
2843
26215
11026
-17535
-16506
-15655
6996
-16519
20023
8210
-12612
-18709
-4444
-3472
-24464
28486
-29912
8464
15880
-12918
25601
6528
-17444
3786
-19725
28631
4989
-7079
13207
-32140
21072
14905
-21281
-13084
-5630
21486
-20876
-24200
-23951
-10488
-417
468
-7210
11982
13708
-14729
21406
32427
-8540
13108
-16093
21518
19845
-13284
3195
-6968
6493
-11952
-10547
-4017
19874
-27439
-6755
-27332
16115
-15359
-26763
-8702
82
17727
-6610
13747
9640
21268
-15488
3961
5697
-16424
389
28843
28492
-27686
-26353
-28903
-30301
-16959
29306
-3216
7146
-20392
31738
-17229
3537
-27161
-2030
-18057
-22993
26192
12791
14321
8204
-24204
-10077
-30712
-21900
-2323
-12679
-1110
-5818
-7853
20612
-26245
2536
-20774
25990
12867
-20937
20943
28001
5139
-4084
-26622
-19216
-28604
-30565
-6026
8753
-3784
28411
-22351
-16772
-24326
17403
-22448
7536
-16648
27787
-22800
-23166
26278
23096
4696
-26587
-16761
23665
10100
10715
-353
4873
-12246
-13425
8960
-28857
19698
-5559
3644
-19868
-20672
-12396
17601
2482
-29757
-9841
8317
-16221
7658
-21323
8738
1511
14411
-22181
-20392
17402
-6249
-11979
8904
4646
-29777
25392
-1921
-11614
-27027
-16104
27287
-31099
5060
-6959
-22543
-5048
13053
-14816
10677
30005
25177
12286
-17814
9588
24186
24623
27782
-31967
23557
1340
6300
-30528
-28193
19603
-27568
5703
-31996
-197
-11748
-21511
19527
17416
-23576
9593
-4533
-23222
18036
-3320
7039
1484
-16099
-15556
-1763
-28012
-22418
-18815
1697
-7003
12661
-27827
14716
1412
-23234
-22346
4287
-10355
-15732
5140
18102
-12763
-7625
31301
25904
15120
-10436
12276
-23556
-5006
-4780
-15517
10121
7024
-17803
11167
-1820
11770
8112
16063
-17309
-7184
-16942
-12451
-1522
14012
28506
-1880
15747
-27051
31057
30413
5821
26033
-16496
21334
-400
23361
-16858
-5162
-18417
17654
-13813
-26085
-13400
16909
-16109
19719
18498
-232
10032
22642
-688
-14732
-12272
25584
13991
14372
-28581
-27307
-29102
30588
-16520
27059
29267
-19335
16153
21116
11942
-7129
-22682
-3421
27324
-11822
-27025
-3090
-24366
225
27722
27707
28567
13686
14163
-10714
-28953
-2833
19454
25049
-217
26876
-13538
-9346
27263
31013
29786
-22533
-7863
21149
773
-10998
14770
-13338
-24132
-5836
6566
20086
-9919
-29283
1353
7982
-20193
5243
-25178
-23268
-22871
1591
-31769
-26590
-10133
-17822
22986
26757
22609
-6173
9526
21990
-13830
-27907
-8489
-10804
13682
-20484
-12277
-6980
-1049
27575
-27118
-25871
-9920
7192
-17388
9268
10226
4359
17868
16499
-22142
-199
-20719
26419
-5111
27264
30393
5629
-13107
-26813
-24339
-13567
-26316
5102
16106
16779
-16290
29927
24238
-2197
-15192
-1887
12500
-28984
25298
19570
-30804
22321
-30909
-27936
32555
30050
-14343
27852
23771
24657
8803
27581
-19686
4263
24262
-31136
5463
-32177
-10221
-30725
-32057
-18402
-19157
-3294
21277
-29519
-13633
9475
920
-12849
-5175
-1712
16323
16231
-643
29701
-13241
-18674
-18227
-23941
-19741
27255
9241
-9367
4498
-14272
-13388
28168
-1344
-22331
-23208
-1160
-8534
11385
16457
-19241
-23170
-4785
25364
-16355
-14203
-10043
13358
3602
30584
-9237
18051
-12534
18614
-19041
-3392
9778
3829
-23781
10842
12365
14843
-10889
19717
-10549
11280
-10461
-8253
25783
12417
7825
-18752
8968
-542
-24059
30226
-4927
25020
-3988
-31736
26072
15539
-3195
-1533
28467
25440
-18673
21360
-23059
-20388
-20187
-1636
-27168
-31587
-18499
-559
20069
18183
-6615
23020
-978
28666
3433
20217
-18363
-5936
-3181
-24441
6744
-22427
27262
-25811
-20803
-27828
-16346
-16946
14845
26873
21473
-8963
-19561
-31849
6042
-18809
27983
-19210
-12333
27916
-16602
21347
4458
-10486
-3354
25858
10305
31413
11395
-9976
5448
20620
-4204
11864
-30521
-10241
21394
-9404
17776
15456
23699
-32448
14961
-17719
4211
-17028
-20064
17624
5401
-24110
-16776
26331
-9171
-3686
-14037
-28313
27598
-21720
24153
13746
-1183
-32438
12235
14984
-28862
15156
13571
-16065
-12293
16906
25727
30153
25141
2549
3042
17230
-31089
-3894
-19055
-2498
31937
-10769
-7058
-2268
23184
-30031
29016
-19479
19246
-17597
-24306
-10546
-17231
-11179
-21302
-20142
30347
4973
-25374
-25172
27100
-25054
-9287
-12204
5667
-12248
6002
26247
-6819
-4029
8967
26998
32644
-25586
-7565
11344
-2129
17758
-26675
8880
-5755
31215
-6475
15988
-7124
-31509
14025
32319
7444
3142
-201
3064
17496
24952
-19462
27466
-926
-21930
27747
-14370
18250
12635
12134
30004
14500
-273
-26296
-27253
-4183
31700
-679
-5026
30964
-31152
-15524
7864
-365
-31287
20933
31354
8090
15100
-19780
-29935
17080
-24089
-25342
27105
30181
8362
-23029
351
4773
-8527
1742
32316
-864
-13998
22100
7309
5601
21999
-26611
47
24025
-2367
14397
13119
-10074
30286
-23401
-13472
31068
29904
-18383
5752
-10300
13568
12398
-11443
-30776
-30232
28518
19327
-20468
19674
-126
5582
31480
-31242
2975
-23512
31791
-20721
32599
2454
-28778
11740
15191
9544
219
31899
19189
-24047
26011
20227
-12203
-10708
-30756
-877
-15254
29951
21975
31540
-31736
-24513
4727
-24891
-13238
3371
31404
100
26075
404
26242
-10778
-28691
-4375
7143
11464
-13617
24083
-16689
23135
22442
26537
24469
7892
1047
-10305
30129
9888
19383
17414
6659
-5439
3818
-18277
11631
-19377
30647
30098
-7613
-16124
-1095
-9987
-14361
-24232
-8552
-14323
2961
2882
21771
-1760
23450
-7385
-30918
-781
8844
-31108
-1107
-19201
9250
15322
-26639
-23302
4091
27000
-30588
-19371
-13339
-14719
-25536
8259
-16234
27411
-17955
-9572
-5172
-11229
-14997
-24425
10919
-3722
-2597
-2288
-856
-4426
-25995
-8540
10687
-13393
12192
-2899
18103
8282
-22496
-15169
17151
-23839
17647
30164
31163
6114
-20241
7807
31475
-31208
19120
5623
24083
-3832
-8922
10425
-9321
-15328
960
-3457
-11179
17648
5432
29652
-12398
25725
-17724
-8824
-24752
29024
8810
-9718
32335
5492
-18050
3871
4496
-5148
20714
16772
-11161
-8379
28973
-20989
-14582
17721
375
29987
25624
22661
-12571
32213
-2001
1293
-16142
-27575
-12762
-24391
-17513
-2478
-13646
3116
-3819
-7270
-19756
30648
-2933
8396
-20184
-7020
16524
-6804
-27802
21708
22746
-29364
2078
-19425
15789
-26087
-5363
-27063
16758
812
-2828
24288
-23116
14916
-26946
-14832
-27751
-31287
-18383
-3583
-9381
24527
31445
-10538
25352
29724
-17621
-23314
13621
31471
6456
-19291
-24823
20830
28362
-24623
-32443
23622
-8762
-13496
-9234
-1732
-26779
-8105
7729
-20667
20966
18870
-15476
-27986
-23414
-21528
10967
-29043
-4746
3850
23675
4685
18118
-16462
1576
-29651
19634
-31145
-10437
1851
20538
32611
11233
31103
14125
16072
-2093
12767
5054
-21673
-512
24669
9990
9179
-29650
-7232
-29568
-31671
10433
-4754
24459
-20121
18191
17569
-26604
30817
-19106
22146
25161
5365
-3971
-28041
-20399
26301
27743
-7890
-16140
19749
-23817
28092
-16310
-19231
15606
-23145
-25571
7582
4544
63
21294
25116
-26019
-17514
27929
19733
-12803
5208
-31621
28810
23012
13371
-30012
4735
13425
7562
20583
-4989
-10102
28032
25880
25873
-20965
-25499
24514
4171
-18005
28703
17340
-19520
-21886
-21137
-32193
9352
26814
18493
-1651
-12224
-27799
19120
5331
-22025
19247
24126
-24779
10120
30415
28797
30116
17124
-1125
-18120
-5264
-19403
-22018
-31933
-10018
29037
21852
4799
-16849
-1279
15948
3189
-13944
-8250
31057
8010
14041
23513
-1548
-28907
-1813
5663
30146
26059
16438
18766
-30174
-32674
8870
29233
-27244
19434
30900
-1683
6302
-25185
-2326
-31686
-24907
-29578
6498
-23837
-2923
-26412
148
29298
-7836
2769
18827
-30369
-19873
-20552
-25996
24074
-28894
7203
-28349
11539
-4316
9274
31403
-24228
203
24102
-31941
23210
2299
-32199
-14559
31893
8546
-959
-17840
-10713
-15386
-23540
8019
30832
8160
-3090
-18890
-25942
-21142
29191
886
-6924
5057
-4741
-1953
18455
-26380
30595
24821
1406
11971
7869
19458
-19791
22104
-30767
10683
-282
3298
-29854
505
-116
-3993
-9231
-5623
-20341
1116
-25678
-725
19770
25643
-8040
29717
-31333
-30125
6705
26145
20376
22443
-21183
-30915
-9214
-7059
28397
20907
-9154
-28662
-15066
-3820
22165
-23306
14183
-18815
13868
-1321
-14524
10175
-21696
-4944
5316
-32748
-5005
-4513
-25004
2729
-26963
28129
-17512
-9597
14552
506
-20270
-9557
14180
11899
28664
-14592
25411
-1299
-28423
-23474
-2631
-794
32091
-22402
-24643
-23560
-21308
22508
-9617
-21500
-24244
3151
23949
10806
530
23152
5400
5021
25192
8437
-14614
17722
17934
-2539
-31984
3771
-798
27970
20755
1265
-32246
-17227
26990
-15442
14265
10048
-21496
4984
27853
-27068
7976
-3488
17246
13119
-4220
-15660
-2522
13996
27379
15906
1395
-29642
-17810
-16554
-20641
2502
29154
-9108
18845
-6575
29296
-7887
4327
-14585
-333
32243
-6081
-29691
9868
-27320
-16049
24689
24262
-18301
1027
-16379
20889
6595
16964
12956
-6180
1199
-32457
-31035
-5005
-21387
-18470
18469
-21371
5189
-9399
10633
-3228
16878
-4379
-28667
-7969
32572
-3763
-14578
11581
24841
16935
-32586
-16810
-18642
8674
15811
-1572
-20281
-13457
8576
2539
16004
24488
-19592
6213
7451
17885
-10312
-7930
-18446
13739
18448
-9431
-7564
10192
23441
20523
14189
19920
12645
-32077
-13738
12400
18824
25876
-6367
-24123
30679
21341
11472
-10752
5784
28041
-737
31058
18674
2300
31900
-8967
19824
4511
26159
-23993
24706
95
8427
-15944
-12028
-25004
24007
18006
22677
27643
-26587
-714
617
-9796
-32485
14926
-31096
7813
16839
-11217
-25893
-12349
10502
-23814
-2487
-23281
4429
-30946
6876
10411
21993
15906
-7713
-9334
-31563
-32195
23931
-24803
27016
10632
27073
3719
-14044
-29303
11567
-8827
-547
30556
-3557
-3291
-23902
837
-8294
-32583
-18484
-23556
-27161
17253
-14959
8368
-13260
8541
15995
-14373
-27692
-22107
7146
20351
6734
6929
4594
-26787
24617
-14898
-8685
-30902
-3353
-14072
27097
-5796
-16478
927
-3798
14746
-7067
-18408
14250
-1932
-1368
-14231
-5952
13233
-31616
-30965
1829
-27906
30179
6990
12810
-23742
-22709
7540
20036
-13545
30477
-1083
-26703
20168
9575
251
15687
22886
23587
-10257
-9581
-6162
-27140
14174
3753
12511
-14002
-27847
-1794
-2851
-5432
-27827
22311
15865
9863
14480
11497
-3775
-19441
-13646
21951
-32664
10670
-16866
2369
28139
14682
-24004
17325
16610
27765
24434
12389
-10220
-24290
15083
-9327
26940
6505
-22581
10484
16456
25653
-31192
-5570
19530
10582
13152
15306
3778
-26432
28638
-8098
-31218
13131
2151
-17411
-3937
19505
-27284
-1100
-3673
-15507
-20225
32510
-12905
-3444
-32718
4158
-483
2236
12065
23638
11359
2998
-23970
27188
31030
-27026
-20734
19946
17928
24036
6756
-25388
-5431
3876
11531
6102
11369
8492
-1194
-18019
-17162
22461
23550
8310
16584
-18682
29512
10581
3093
-8171
-26316
-16489
-26792
-28411
-5459
-15296
-26108
-4731
-5802
-4747
24016
8989
-16929
6048
-677
-30841
17677
-17400
32324
-15243
-18758
4402
-8245
2355
-11178
25615
7241
-9396
17048
-1780
22801
14902
-13429
-13420
20068
-12613
-24107
12707
-29661
-3919
18853
-30956
-16218
-27177
13396
-29755
-13182
-27275
9645
-18347
-32304
-24207
-5545
-11258
-10011
-23606
-9027
22792
-20012
29667
-23294
-92
-31254
29406
-3420
-22431
30417
-13778
-13672
-13087
17431
2896
-28461
-12365
-5094
9802
32317
-28735
-22785
-8344
25643
-25134
-25967
3447
1809
7673
-6394
-7173
26635
-20129
8113
18886
27066
-11468
-16487
-9506
-9922
2370
-15153
8164
-22604
26482
-14316
29117
-19588
10222
17589
2751
-27932
17131
25711
5602
-21960
-4802
-11584
-2947
-31424
-11889
-30484
-21472
24385
21531
6681
31133
-23564
25476
-15681
-27714
-30182
26774
-13508
-21179
17430
-13791
-28827
-28118
26346
3856
-31494
-2760
-3634
-25471
1798
1449
4035
-6310
3812
-23539
3573
25762
-680
20231
11814
-14517
-1699
-5801
24373
15300
16870
-9087
12296
21722
-15560
29077
13830
17827
20324
-27356
925
-21746
8217
-22950
-11966
-2363
12808
-27435
-26460
29466
921
16904
-7665
-1994
-15607
6331
-14840
2991
28303
-29736
24692
-3277
24469
26135
19048
-27982
-27775
-24500
-11101
32256
30088
-5133
10207
10452
-23854
-27288
-23552
11104
5812
426
29139
-24926
-17569
-16641
-18418
7979
26431
-31803
-10233
-7241
-6941
9564
3337
28125
-26510
3916
31302
-4402
-7464
-16471
24921
1588
17477
21675
-6383
-31222
7045
28894
-25400
301
9803
17509
-1129
25266
19259
7198
26938
29188
706
1223
-23912
31171
5518
32132
21045
13878
27410
14941
-13539
24519
-26627
-30398
21820
17794
-23773
22518
-23565
30617
-1119
24504
-20903
-482
-4619
-28317
13405
-13911
20648
-22175
-7944
-1941
20671
32159
32646
-29534
-10017
4065
23862
-32024
15199
17035
-12158
14411
-9809
-9769
-17478
-25383
-8336
2348
13946
-4348
251
-27238
-29835
25792
19254
-31632
-22255
-23436
-20006
13253
-18077
10015
-21111
-29188
29586
-6233
22806
-12209
-6990
-6593
-27063
17173
24407
14849
-29008
-12761
11189
-18020
-12444
5007
-11637
30047
15002
1065
-22823
8453
779
9856
-351
-4497
-31991
-14031
32055
22496
-18728
-11573
-24267
14324
-29870
-28726
14780
-9075
-18265
-5946
-31151
-17446
8770
15629
-18635
5754
-28227
25182
-1598
-5122
6778
24640
19640
-28147
-10954
-27308
2286
-22439
-22106
8957
8216
-24858
13844
-14962
-9844
24944
-807
-9391
-9665
-29037
-25990
23101
29636
-30203
21095
11013
6343
-15016
-31428
8409
17941
-7206
18909
-29164
23679
17097
-29620
-852
731
-27916
5008
31631
19583
-18957
-23162
25851
-28618
25612
19907
24669
3228
6895
-5501
26459
-728
-11969
23293
7938
-22761
-23087
14175
14913
12859
-32010
12802
-27755
21949
-22216
20232
-27577
17510
20738
11735
-966
-24493
23031
14235
14353
8207
-20232
24001
30334
23436
-30522
26750
22998
7211
3511
21830
-31811
1650
23629
-17749
22996
20462
-26094
-31785
-17151
-17841
8494
-28166
-24346
-25295
-17096
-24177
-16097
-30432
-6170
-3766
-32499
23682
-29092
31842
-31316
16340
7565
-12233
-3309
-29947
29214
6785
-26120
-24224
26692
1509
-27348
25712
-17938
-4499
10471
-31132
-22845
-16878
-22711
-13143
16799
7837
-28704
28506
-19381
24842
17633
2659
-23329
-13029
16159
-9905
-25896
31902
7136
650
-31540
17390
16273
-24245
25939
-6735
-6273
-29953
19639
-7039
4451
32444
30260
31745
5072
19261
-3270
10140
6851
-26202
-31752
-28634
-21787
-20210
-23229
-19081
-22557
15717
25931
-8254
-25071
31255
-2107
10958
-11294
17393
-31419
25555
-19993
18143
26908
813
-12212
8787
-12116
-3454
2982
-32705
-9085
-29356
523
-14625
-28756
15459
-15074
-3952
-32698
-19601
6288
28975
-30007
11240
-31323
-20706
-14450
26719
-3824
2962
-4026
-946
-14046
-24396
19073
29149
30489
29088
-31708
10149
31607
-26147
-17668
-14607
10550
1261
-12247
2023
-16757
28956
6488
-570
-5047
28495
11307
-28892
16483
15404
27418
-21987
2886
29402
19346
23338
-15887
903
-24614
-20688
6866
-14819
4876
-15286
-24198
21412
-28827
-29700
21382
9984
467
-21413
-29716
22838
-14037
-29894
7378
9477
-24935
91
20295
12595
16241
-3226
1120
-30472
-5506
2941
-3820
14544
-22860
18756
-3615
-2141
27684
31474
-28688
-23938
-25987
23756
1083
15513
28040
24797
-7679
27902
10099
28020
-18209
-16274
-11307
-11171
584
-25913
5305
-26050
7551
-21852
-5323
-30187
-5302
17512
9522
-17532
-1088
-10829
15972
-22168
11094
22784
8955
27813
32403
8953
14900
12495
19063
-4533
-31345
-30084
-26085
-11317
-25527
-1014
-29860
-19837
-2609
-31389
14817
-2839
12459
-15282
-31403
11150
-29464
-27573
-28790
11507
-269
32744
19353
-23387
-26691
-23761
17872
30558
28441
-1212
-17595
-27802
32527
-22070
3165
6190
-8012
-23188
-413
-8000
-32537
-9322
31944
-21880
-4196
-15892
11277
13186
12862
-10288
1536
23951
-27486
26658
19480
-14805
13468
9871
7473
5898
21366
-24035
-6155
-25325
-17550
6347
-3529
-28862
-13865
-16571
17522
20417
4786
-31849
18804
-12735
6965
7760
21532
-24964
-4581
9006
14367
-18786
-29847
-16519
-26644
-2476
-18244
800
-2039
7996
28299
-32132
-4007
6639
6701
1666
32105
-25379
16271
-1965
-6244
5184
9275
-23515
17187
-23852
-30815
15782
24086
31445
332
-17902
14865
15787
-21496
31317
6859
8226
-8061
-27586
-18784
27957
1944
-25823
14032
30430
3884
-10395
-11902
23711
-4796
16553
-6322
-25085
21236
-23550
19735
-21759
-3872
-15703
30013
-1203
-12211
-14769
32536
-18346
-194
-18126
-8063
4727
-31878
-6583
25774
-7731
9694
-21813
-22725
-7932
-29387
18519
13383
2674
18162
-15599
8348
-28216
-32285
22036
-2703
-22137
-1722
32418
1232
17504
3163
-26549
14963
13471
-12852
5938
29039
-13801
-23968
-1598
-7456
3960
-4252
-20421
198
-30600
-21578
28404
-25092
23002
-13168
3519
-19298
-11826
-17655
25437
24267
24281
-18028
8903
-14351
16156
18050
-31036
-24418
-4555
-24462
-7359
19419
-8122
-522
27288
-30199
-24131
-20242
-5583
-31251
-9667
-746
-26036
19189
-30745
-28534
-1114
29764
22314
-1729
23831
-27915
11103
-30071
-2822
31291
14885
19818
-22405
8486
11372
-16401
18615
-10756
-9513
26884
16387
12913
26581
-10369
-10387
-20461
3819
3562
-13782
16987
-21102
21061
-12799
-13955
-24160
25275
23684
6288
-14668
31513
-22687
30354
15037
20562
11216
-29437
-4549
19195
-19545
18217
23415
-20942
-16321
-21968
18797
9256
18770
-19859
22594
17546
-10395
-23413
5657
-29468
-26606
-27998
30997
14373
-15075
1177
17887
-32404
-27859
-6230
1571
15995
24414
2090
-3859
14222
-6374
7818
6114
15272
25361
9043
24650
2375
31051
-32325
26376
13835
18242
27011
-12378
-10555
-14184
-13333
-7304
-9792
4468
-5222
20056
26407
26849
-2759
-8599
-18211
7022
21482
12695
32009
24476
-27495
-28588
-26067
25396
-7739
18863
-24350
31166
-11587
-24699
12716
23306
32710
-20082
3042
-29099
-26088
-32249
-3146
14712
27448
-4087
-23571
11785
14627
21082
-22924
-18752
2430
-18066
21165
4541
-10497
14356
-20366
-14696
2502
25305
27885
-19435
26062
-10717
18093
27958
-29052
23968
29266
10233
-7704
4776
-2438
19501
27726
2044
17558
23948
-20140
7595
-9461
-4628
7207
-23363
12216
24712
-4759
1627
-14361
-7919
-26934
-18698
-14837
-12563
-29477
26733
-17486
18179
-20967
2852
29641
11154
-14308
-4053
32049
-8917
-15079
29608
-18418
22697
-13985
18634
6303
24363
16164
15595
-19308
-15678
-9065
-12223
-7861
-3336
32714
-22912
3445
10869
24712
363
14800
29107
29766
17471
-26505
3508
-20108
-27329
1676
-22192
-14918
20538
19814
16544
7234
-22775
25544
-22979
-26037
30920
7433
-22813
-5815
18818
-17056
15603
20674
-12670
-28333
-31057
-31031
6679
30321
13957
-27610
-13871
-25810
-8097
-15697
22699
1240
-16636
-3496
-23282
31795
-30385
-27344
4979
-30130
-27423
17179
-23580
23501
-9575
-26562
-10467
8988
10225
-8031
11841
9438
7912
-18547
-6066
2419
7865
-3041
-20022
17122
-29336
8049
20179
-5972
31483
6223
4369
-15255
7197
-19849
-32124
32156
15484
-19093
29734
-32506
21339
-20936
25379
-32616
-1857
-28384
27915
-14151
-23672
-6523
-8059
-16918
29583
26525
14739
-6395
22489
20526
634
-7489
24044
32122
-12246
-13012
-4642
12207
23636
-27335
14107
12131
3622
-15823
21561
-20491
19840
22213
21539
-645
-19226
-27944
13123
-30607
-5810
12184
-15944
-21069
-25991
-15964
-24740
-27336
26846
13789
-783
-8297
-13441
-18729
31234
15490
13627
-27761
1085
25797
-14173
3980
-22850
7627
32060
-26738
18391
23950
26033
19905
-25736
-11759
-8855
-8507
-18467
-24370
-32593
19013
-24122
19069
14145
16490
-17317
9309
23634
9687
13565
-24384
19823
-29148
3361
