4
6
1
1
338
1
8
1
16
4
3
36
1
2
3
1
27
1
1
1
8
6
1
2
1
4
1
167
5
1
1
1
114
7
14
2
5
68
28
6
1
1
1
6
20
2
1
5
1
2
11
5
1
1
1
1
1
22
1
1
2
1
2
3
1
4
4
1
2
1
5
6
2
25
6
7
19
7
1
3
1
4
1
1
10
2
1
1
1
14
5
3
1
1
5
1
3
2
24
1
2
1
2
20
3
1
1
3
1
3
9
4
7
1
9
30
3
2
2
7
26
1
1
1
4
1
2
1
1
1
4
7
12
1
2
1
1
27
1
12
1
1
4
3
1
2
3
2
2
1
9
9
1
1
1
1
1
1
2
1
3
14
1
36
1
1
7
1
3
9
4
18
1
16
1
2
3
2
3
4
3
3
1
3
2
1
2
1
1
2
1
2
3
1
8
1
35
3
1
1
1
7
3
9
5
1
2
1
2
4
5
2
2
29
9
1
1
4
292
4
7
1
1
4
1
2
127
9
4
1
1
27
4
4
1
4
1
1
4
2
3
2
8
4
4
1
4
8
1
2
4
2
1
1
2
1
1
20
1
76
1
1
1
9
7
1
55
1
1
1
1
9
1
2
2
1
2
6
1
1
2
1
1
2
1
3
1
1
1
1
2
12
2
3
2
1
3
5
2
5
18
1
1
7
1
25
1
1
8
1
1
2
6
1
10
1
1
1
2
1
1
4
2
1
1
2
2
1
1
1
1
2
2
6
1
1
1
2
1
10
1
4
1
2
3
1
1
1
2
2
3
1
1
3
1
1
1
1
87
2
4
1
1
2
1
2
1
1
2
3
20
5
2
1
1
76
1
1
1
1
1
10
3
2
6
5
1
10
1
35
1
1
1
9
1
3
364
1
5
1
1
4
1
5
1
2
1
3
5
3
8
1
1
5
1
1
2
1
1
13
1
8
2
6
1
1
1
49
1
1
1
9
6
3
2
2
5
1
6
2
5
1
1
36
2
1
12
1
5
4
2
1
1
1
1
2
1
6
1
1
1
1
1
10
4
20
1
2
6
2
1
1
2
5
1
12
392
21
1
3
1
1
2
6
1
1
2
7
5
1
4
9
1
29
6
3
1
1
1
1
1
1
12
13
1
4
5
3
1
3
43
14
1
2
1
10
2
3
3
7
6
1
7
12
4
1
2
6
1
4
1
1
2
3
3
2
132
2
1
3
13
1
8
1
1
1
1
1
5
1
1
3
1
7
8
3
3
1
9
8
2
4
3
14
6
1
1
1
1
1
3
2
1
1
2
1
1
1
7
2
1
8
2
1
4
1
30
1
1
1
9
1
2
2
40
2
1
1
1
19
1
1
1
1
2
1
8
1
6
1
1
1
1
2
1
1
1
62
4
2
1
2
1
2
1
1
1
1
1
4
1
2
1
252
1
1
1
1
2
2
1
1
1
2
10
1
1
1
41
6
2
1
2
1
1
1
2
1
1
2
3
1
5
1
1
1
7
1
1
1
3
7
1
1
3
2
2
1
15
2
1
11
1
4
2
77
1
1
1
1
1
4
1
1
42
25
1
15
11
1
2
1
2
4
24
1
2
1
2
5
4
1
2
1
2
2
1
10
5
1
1
3
1
1
7
16
2
1
1
1
1
2
3
1
1
3
2
1
2
5
7
8
1
3
1
6
4
2
3
1
1
1
6
1
1
7
1
1
31
3
2
2
16
5
7
3
3
2
1
8
4
13
3
1
1
1
1
6
1
1
1
8
3
1
8
2
1
1
1
1
2
1
2
1
2
26
1
1
4
1
1
1
1
4
3
1
1
1
6
1
2
1
2
5
3
1
84
1
4
1
1
8
8
2
2
6
1
1
1
1
667
1
1
2
2
1
1
5
22
4
1
4
1
1
1
1
2
1
2
1
1
2
3
2
1
5
1
2
1
3
5
1
8
1
2
2
1
3
1
1
3
1
1
1
1
6
1
3
3
5
1
1
1
1
5
20
1
1
1
6
4
1
1
2
2
1
8
4
1
4
1
4
1
1
2
1
1
2
6
4
4
2
1
4
1
1
2
1
1
2
3
2
1
1
1
1
1
1
1
21
1
3
1
1
1
1
1
5
1
5
1
1
16
1
3
1
3
1
4
12
1
1
1
1
1
5
2
2
2
3
8
5
2
2
1
1
2
2
3
3
1
1
1
1
1
1
2
1
2
9
4
1
5
1
45
2
2
2
1
1
1
1
11
1
1
1
1
2
4
6
