1000
128 584
808 439
799 638
48 286
677 676
778 530
518 280
463 720
518 271
594 257
954 870
578 586
58 70
356 135
409 498
275 425
217 890
712 62
260 959
326 912
542 548
873 786
987 622
651 554
584 12
134 609
922 745
671 334
373 668
187 804
198 323
188 105
229 456
897 983
58 458
132 689
181 346
274 544
918 226
196 436
642 773
992 271
373 396
390 857
20 659
43 319
555 412
657 187
328 25
1026 700
188 365
352 649
974 87
854 707
128 230
415 714
63 609
713 181
494 153
695 975
541 172
230 549
93 618
887 995
229 565
634 515
616 1035
159 105
42 67
221 138
698 372
888 51
663 551
412 405
386 849
943 971
318 304
933 966
435 591
436 1012
445 1080
159 552
874 300
877 339
347 40
574 350
427 702
407 1082
694 453
931 460
690 185
496 786
517 389
498 68
355 5
664 405
59 773
330 635
795 783
16 127
94 282
528 54
762 1032
161 82
806 254
795 559
889 332
892 3
623 253
448 876
307 581
546 579
462 970
767 782
73 9
490 968
432 125
83 1127
751 319
469 483
427 208
884 347
288 486
1096 883
285 579
196 624
603 94
389 1105
122 594
31 519
1059 593
226 248
822 49
1128 424
1075 762
559 402
22 394
55 864
472 319
772 101
42 431
366 413
299 525
999 784
976 523
85 545
392 1021
611 754
1133 174
839 674
582 19
576 319
590 505
1101 387
290 982
335 385
374 252
173 858
329 1179
373 196
820 125
477 114
285 114
1163 1182
610 434
809 17
916 987
504 1133
60 807
1161 307
612 276
1187 1179
163 441
267 1032
1046 485
86 1077
985 221
549 323
879 508
1050 629
826 911
906 425
404 1154
497 806
568 328
371 933
185 4
319 955
666 419
723 1167
553 59
1118 191
12 905
67 972
1123 1078
142 882
1133 1138
425 1011
280 966
556 820
746 206
957 255
122 795
584 77
176 676
423 1228
168 268
210 291
631 691
1191 1099
722 659
595 341
1114 332
472 943
1154 317
1093 431
71 107
1118 1196
1170 584
595 1089
254 920
1015 1257
501 649
1072 1234
74 863
541 41
1021 1016
1207 619
1074 594
904 759
732 920
878 887
16 1208
151 573
439 78
1150 1276
1253 55
41 14
1251 1059
72 660
14 804
714 1049
1135 1031
1110 1259
517 1158
941 1061
146 1065
136 1080
511 1257
663 1135
1217 1126
1166 687
1018 319
976 715
1302 1084
76 411
375 60
644 1334
1020 742
610 1228
1162 251
436 11
432 745
1195 1274
998 233
855 1218
884 890
167 869
619 506
792 1058
367 984
616 1164
461 172
90 514
1145 735
1130 845
143 1306
387 848
96 603
1291 921
613 693
231 1181
187 853
1368 620
711 1001
883 923
202 85
732 822
879 531
838 520
376 137
396 830
1270 686
963 887
754 151
497 1404
14 407
727 1361
1057 1332
743 640
603 72
804 544
1324 394
498 57
1275 99
412 25
1181 200
788 1398
1035 561
686 801
938 611
677 260
402 52
233 695
663 1355
887 39
1087 443
1318 913
1342 589
744 773
956 265
1228 575
1371 1157
1295 1010
505 187
1188 188
11 519
738 123
859 645
844 705
1451 958
1486 1078
1336 620
813 874
1454 111
1231 427
27 161
1356 1126
402 37
1306 1392
939 1052
38 280
852 73
1266 1394
487 884
1328 13
223 1407
318 237
143 351
1415 524
797 502
1039 56
1084 59
226 839
767 488
1443 224
389 188
834 1302
1404 1398
375 1221
638 531
1502 859
190 1548
1416 1241
477 684
1072 1381
797 1169
247 1219
589 5
488 783
166 326
1408 660
1293 317
954 1034
1372 918
1222 76
239 545
355 497
956 1476
596 779
912 586
1344 1324
1540 228
1239 1505
51 442
1494 1285
89 114
1343 1377
907 1043
285 562
860 171
701 384
433 1136
593 1251
1027 1643
120 1652
364 1458
451 1030
1400 374
1148 855
896 597
616 1131
755 1636
665 94
848 1052
739 1131
485 368
214 942
1348 1430
474 221
523 1139
1104 110
116 327
1402 1438
315 922
1589 1229
10 1079
1294 491
233 736
839 893
827 1132
1086 569
1051 164
879 12
828 1382
122 638
1115 991
1595 785
304 492
503 1228
907 1361
158 583
425 408
1016 1655
1113 661
1196 1285
339 1518
1133 247
1689 827
1322 70
374 1315
1647 351
111 132
293 1165
1519 283
102 622
202 1585
1487 830
1381 1464
591 141
327 1112
1010 340
847 648
1503 1562
41 908
131 703
1276 1669
792 1666
1428 1797
1268 786
1541 1260
1604 530
404 542
693 670
555 1248
666 321
252 1436
1273 349
771 1695
158 1422
1453 1688
1559 89
1328 1030
1415 680
1082 489
1606 387
1569 1571
1407 1348
652 1732
1005 407
1643 745
609 1572
1387 571
825 447
1503 959
949 1218
358 1051
1012 1914
1396 1485
1162 1702
1138 612
604 19
750 467
237 1885
804 220
60 1706
1186 1006
623 899
1696 1310
119 715
307 1929
1252 228
1548 830
1733 419
821 641
1202 519
1497 20
416 251
954 1457
904 1656
691 174
900 465
451 1095
531 1509
1532 834
672 1311
65 383
1911 1765
15 1742
234 511
397 1692
211 559
228 970
1590 827
275 1279
1623 1399
764 263
55 392
1325 502
1041 78
986 1501
1784 1182
1511 572
1833 1540
1996 1784
366 2125
264 2124
1415 1236
736 1953
57 1741
208 1781
1327 236
1147 530
565 1609
435 1355
243 1441
1106 789
1361 810
1350 377
1522 874
953 729
205 486
2110 1958
2000 1804
2084 1136
2007 1602
881 1933
2143 458
1237 301
1077 1093
761 2164
276 1249
1885 874
956 903
837 807
561 1804
506 1376
1635 2305
979 2268
1766 95
1598 998
548 1444
390 86
1255 1680
1484 2111
167 235
1049 804
2283 1976
488 238
156 651
1426 982
2214 2092
158 742
572 238
623 522
1329 1736
1940 1966
36 1762
248 2203
1 226
2348 1219
2181 1990
1303 1259
2059 81
1281 655
177 286
1664 79
117 1516
2480 1640
1219 1263
965 1475
1645 512
1297 864
109 549
2333 23
2389 1590
2208 533
1985 17
1704 412
1516 1875
905 635
1897 562
894 1062
721 2376
1822 1182
2368 109
147 909
2000 1995
568 38
1316 543
697 870
1468 1130
2374 1604
2260 1425
995 2222
338 936
1270 1987
884 1082
1660 2645
2186 1170
1943 2618
692 2074
843 2550
505 252
854 2166
992 2533
647 1849
1358 26
2062 700
693 2435
2292 1752
1871 1076
1953 318
1525 1182
2789 2602
225 153
1688 1430
534 913
2666 329
12 1791
1315 71
2388 1636
264 2616
2660 460
1051 1962
1308 2046
2226 320
1288 227
1082 1708
184 2344
107 1891
1817 568
1311 1454
2555 829
442 725
1742 2507
57 1947
103 2568
2228 1970
2444 1617
1825 1679
913 2018
1036 1916
366 1812
878 2027
1026 2989
1451 1055
714 420
483 2025
1188 2632
2263 401
2912 3054
624 503
1144 2486
725 1156
308 2487
358 226
1222 1982
2511 1937
574 59
205 1237
2361 2178
2082 1719
1842 576
42 682
3264 404
3083 258
1973 2031
3055 1464
2171 221
2879 2240
1201 1897
2484 2908
2453 546
398 3119
774 2923
1357 595
2549 416
1303 2109
2723 2920
2388 2104
2703 106
692 574
1174 401
2189 3010
1382 1090
948 2834
2583 2786
745 678
985 1517
1520 1596
1911 3228
1834 3051
2101 3232
2013 1901
2053 1070
2692 1137
3446 2923
2973 247
1031 3400
2037 2542
2153 1444
2025 3562
887 1374
228 302
464 3478
2194 2808
2374 194
2860 2352
3043 333
3734 974
1052 565
2543 1995
3304 1807
441 1214
1712 3241
2187 2499
1362 615
3086 3766
3927 2715
217 2146
3493 2938
442 801
2234 1944
3141 1313
4042 3679
135 3133
185 1625
3992 1021
816 1911
2887 4142
2647 582
535 2099
2615 2820
1944 1837
3838 1708
1744 3949
637 2679
757 1663
519 558
634 2183
1710 3491
386 2000
3277 2434
74 464
1650 4396
4410 1609
1697 3096
4067 1146
1828 2149
2188 4093
4355 4349
1842 420
2039 2585
4291 1145
4167 2806
3146 37
850 4389
208 4342
1942 2098
2355 2609
2616 1015
2432 2952
2120 3831
719 2443
422 3406
2742 1625
301 1671
4328 4782
2920 3373
754 3863
3948 4639
1616 4400
4999 4574
3782 815
3240 1236
3212 1094
3198 4161
1779 3319
2853 3471
5129 4864
1150 925
2935 2227
94 5138
3743 3547
1382 120
2697 5414
4702 3640
4172 2484
204 5506
3237 4732
2083 2282
4426 528
5373 4684
5213 1208
851 3196
2178 3351
3131 1532
1163 3647
1434 3561
5342 5339
3303 4499
1494 466
1129 659
4315 5522
2166 1918
5493 1738
5344 5916
5677 5826
2241 1162
1622 4829
2527 4506
4935 3520
4920 941
5911 3303
4092 5370
5590 4801
5323 4010
5171 2402
1988 1147
3797 4818
2663 4163
4051 3335
2812 4858
3690 2611
2859 5399
1332 3266
1182 323
228 3026
6889 4005
1510 2797
5607 7051
278 4196
1644 4280
2978 2099
5834 1230
4988 104
1803 406
745 1014
1415 3157
3630 3578
6761 4647
6407 1213
696 3658
5258 4057
3507 1632
4409 7473
6976 7236
3534 7542
2568 714
2375 112
1774 4987
729 7436
7187 1442
5936 690
2588 2641
5646 4040
6904 46
8829 3943
6617 6720
159 2236
2843 7959
1934 8889
8740 5559
4289 5390
9403 6720
4215 2246
8595 2322
2613 3740
2318 8222
2997 3370
9714 2217
8388 6528
10296 818
9023 1505
802 8717
1432 7588
8451 10654
6757 6553
4711 1029
603 8271
10229 726
6427 9898
9851 4131
9189 24
7724 8981
304 10415
2541 390
827 4194
11114 2421
3431 3939
8410 11756
1074 956
7027 4994
3845 11404
7082 4832
10470 6225
4636 7922
3334 11208
11155 343
5598 7576
3802 13897
4081 2182
10186 3492
298 3449
13879 5145
10640 12530
11573 2622
9922 3519
11957 5576
9416 12891
3815 2077
8478 1035
10877 12431
3820 3293
17530 14534
14828 7050
3638 4160
17468 4847
13105 12393
13276 9240
17362 13568
7306 16777
1508 3226
18200 15978
11827 10952
9994 11496
4131 337
10719 18102
12919 490
18337 8525
2766 23988
6048 8402
4551 2709
3742 22602
5237 6732
12268 10199
9026 23044
28305 29723
25618 4059
16542 26519
33532 7069
22282 25635
20553 7583
24382 12988
29527 39952
35220 20996
20660 25589
10269 38025
37937 2506
2433 34505
49799 35240
43851 24440
58428 4310
46665 46138
33997 2640
10244 18442
4140 21161
22926 14371
23404 64290
49614 8264
943 21297
96532 90970
10468 128883
16877 64163
50501 150844
214360 186984
166221 139834
9611 35648
808113 443467
