1000
688
396
106
238
70
705
440
283
782
860
609
227
990
356
685
592
931
834
271
1000
1002
462
670
55
504
72
775
645
62
547
322
657
423
436
272
590
976
611
858
896
226
351
996
969
594
416
93
353
330
927
750
831
233
385
34
767
322
87
887
510
76
510
332
1030
425
582
285
740
1007
471
589
521
483
508
764
19
772
60
914
942
710
55
1048
339
926
862
622
1066
13
795
632
522
347
497
93
508
149
136
706
846
648
80
203
188
839
155
47
1045
145
149
900
226
854
312
383
652
10
523
984
400
973
606
232
950
488
1006
1042
953
154
181
1038
469
1134
375
1063
861
1005
411
53
908
1162
1052
921
203
47
106
826
297
271
1029
591
474
699
330
1173
284
891
424
944
34
242
296
780
519
359
990
537
724
765
468
1175
763
743
978
1105
710
462
1146
426
526
300
764
34
640
145
952
768
243
1158
1100
812
224
959
131
471
306
812
900
229
904
206
255
1073
162
261
853
615
672
742
1030
558
323
1111
55
195
599
509
630
860
835
130
969
892
144
642
85
824
1182
570
595
278
623
636
1157
874
171
755
142
785
936
788
906
322
850
807
1071
884
346
101
596
10
139
374
1076
767
1258
385
788
1055
926
94
368
903
941
654
701
14
1049
1239
928
248
1096
1062
1087
784
671
865
1362
774
359
1145
344
947
406
548
580
938
1049
687
717
288
809
364
262
723
567
1342
139
666
55
644
415
854
61
1032
1388
444
93
248
342
1292
902
716
1284
1344
402
1032
180
963
670
188
191
1102
119
920
1277
118
1161
934
1323
797
643
1304
1314
309
892
296
1298
367
467
759
257
223
956
1516
982
214
736
597
259
504
1109
615
483
45
1465
1026
1250
1007
411
79
925
1068
944
492
1154
1572
1188
508
507
261
1577
1161
1371
1323
920
323
1026
816
719
1045
467
534
699
1017
1298
1013
272
1054
863
606
351
1381
268
971
624
516
972
1115
1321
1534
616
673
893
1013
1169
763
1189
726
705
393
1352
1488
240
1499
34
617
1526
76
514
1383
203
950
313
353
912
619
1526
177
689
1553
1297
636
1367
97
102
1170
1012
1709
1087
426
77
630
863
361
1740
550
536
1548
851
361
1783
1772
1619
1165
190
1575
266
193
418
491
623
1455
276
272
954
247
552
776
340
681
1827
1512
1136
1330
816
1564
112
1876
852
1694
987
1708
1568
1116
1237
90
940
1586
1569
1598
432
1358
1593
334
45
1887
635
1305
14
396
191
391
242
122
1993
689
1441
1446
94
444
1952
1560
1860
475
1526
1751
2064
1633
783
560
198
1901
958
1398
1823
324
1370
1523
919
923
1683
552
477
937
604
675
267
891
356
943
796
511
163
460
648
1199
808
654
687
2067
789
2050
984
1593
454
17
870
336
272
666
10
528
1441
697
1370
640
1652
282
1137
1496
193
2201
1621
2310
1895
751
324
748
256
216
902
2144
439
346
1481
844
574
2122
1290
801
1737
1133
2164
340
966
2355
2185
685
846
1296
1103
1451
2237
2090
1510
800
2518
2454
1190
1064
1939
1688
2398
142
257
1572
1940
1754
2065
1060
1557
2616
689
322
806
1881
1983
136
1583
38
1326
1156
2231
1298
1221
959
665
2319
2749
372
334
2189
2243
2545
330
2289
767
2399
1059
463
186
1666
36
1246
1409
972
237
1456
1181
1476
69
1051
752
1671
130
980
81
1185
1251
1777
2696
2209
2245
944
858
1569
708
2209
51
840
502
1990
2570
2315
535
2818
467
564
3206
2886
2011
142
2342
596
1559
632
335
1849
13
2916
644
1240
41
2934
953
168
1136
900
1621
2063
1461
1189
3405
170
1948
2366
1252
2364
2614
499
834
1521
1283
1673
539
2767
298
1858
2517
2471
289
660
210
2569
3076
3256
3248
70
2740
3460
3500
1257
531
949
3659
1569
1651
330
262
3019
3959
173
1577
2225
1832
2686
2052
666
2858
2924
2179
559
957
760
2332
237
294
2361
404
1799
3568
3547
3105
4055
3633
2694
3258
1879
318
4087
48
2299
853
4449
204
1748
1670
4256
2944
2137
3437
2617
3938
3151
3787
1984
288
3517
997
1394
3999
4340
4588
2299
3483
2894
4923
2229
775
2858
3652
5155
2581
3243
2039
4980
3073
3558
1856
5046
4598
877
3744
3754
5579
586
49
3680
1882
3760
3255
289
564
4643
4044
1676
1957
1383
3957
2164
4301
528
2052
2717
5878
1852
5506
1672
6330
1944
4340
5475
68
233
692
4328
2630
4552
1996
4559
977
1128
3680
3620
2924
4576
630
1277
3870
7500
2897
169
1321
649
5818
7420
6892
3413
5148
7352
5768
186
4618
3761
4769
182
2831
8625
6433
854
7771
3425
8122
3679
2690
9212
9517
7623
9713
8955
5620
3092
8885
7007
9606
9789
10529
9550
10455
8012
4456
5643
3739
9436
4330
11701
2469
929
3497
10460
1367
8097
2219
8745
10380
12807
3016
895
6534
4006
9711
3097
3765
8690
1129
7057
731
6076
15518
6463
710
1709
15054
17050
9105
12762
4259
3028
13989
18915
7856
659
2294
2701
12405
19197
22535
16209
14093
18976
8409
18214
8510
7677
1776
13279
98
16266
12827
24175
1934
28541
5909
9612
17884
26069
41510
12309
40200
46648
39958
8848
15083
47687
41597
3257
2148
38636
64422
7461
56838
17519
8693
137364
115431
130064
303020
279084
233959
