1364
1092
162
432
144
1152
1080
284
1296
1848
960
228
2808
630
828
1178
1140
1680
272
2340
2016
1152
1224
72
1560
195
992
1056
96
548
576
962
624
770
558
1080
1922
672
2016
2040
342
560
2352
1440
1440
882
128
354
864
1352
1872
1112
234
576
54
840
576
120
888
1296
140
1296
588
1872
558
1176
480
1596
1080
632
640
522
768
896
1344
20
1358
168
1374
1896
1296
72
1980
456
1392
1296
936
1764
14
1296
1200
1170
348
576
128
896
150
270
1062
1872
1815
186
240
336
840
192
48
1440
180
150
2821
342
1488
840
384
1148
18
524
2520
961
1120
1224
450
1860
930
1512
1566
954
288
182
2088
544
2904
624
1064
1344
1632
552
54
1596
2016
1848
1232
240
48
162
1440
480
272
1600
792
960
936
864
1728
504
1452
810
1860
54
399
570
2352
696
360
2808
720
1274
1404
1274
1488
880
744
1968
1512
1296
1152
2304
864
792
868
1344
54
1530
180
2160
2044
364
2328
2604
1680
504
1104
132
632
702
1680
2821
230
1710
312
432
1140
363
390
854
1008
2016
1296
1872
1248
360
1224
72
336
600
510
1872
1848
1008
252
1440
1568
403
1296
108
1560
2376
1440
864
420
720
1512
1260
1440
260
912
216
948
2730
1386
1824
576
1674
1080
1872
1764
522
102
1050
18
140
648
1890
840
2052
576
1386
1272
1392
144
744
1408
942
1320
702
24
1050
1920
1890
480
2070
2340
1088
1767
744
1044
2736
1716
360
1380
660
948
720
966
1260
1632
1050
920
960
819
810
784
396
968
968
2232
140
1482
72
1344
504
1488
62
2640
2436
1064
128
480
780
2520
1512
1260
3024
4064
816
2640
546
1404
1224
336
192
1800
144
2160
1278
180
1760
1404
2280
798
644
2460
2886
416
1568
570
2160
368
468
1152
258
224
1680
2660
1476
324
1512
800
304
1560
1110
1008
768
78
1764
2400
2343
1080
552
80
1178
2520
1860
1176
1734
3696
3360
896
732
390
1680
1760
1832
2280
2160
360
2400
2232
720
1440
468
1080
936
1482
2160
1014
558
1728
864
1224
560
1382
476
972
1736
1232
2548
1344
1322
2520
1440
674
960
1014
1344
880
1260
1596
1152
528
2745
3968
744
1500
54
618
2640
140
774
1848
240
1860
314
354
2480
620
2640
240
756
1554
1298
1512
1368
98
216
3276
2016
1710
1088
864
96
1872
864
381
5040
1116
1020
4004
912
381
1784
3108
1620
1404
360
3224
480
194
720
492
720
2352
672
558
2106
280
1440
1470
756
912
3120
4800
2232
2880
2232
3024
248
3808
2016
3192
1536
3472
3591
2912
1238
234
2016
2604
2096
2592
1240
2352
2400
504
78
2736
768
2340
24
1092
192
432
399
186
1994
756
1584
2904
144
1064
3906
5040
5376
620
2640
1872
5456
1728
1200
1488
468
1902
1440
2808
1824
847
2484
1524
920
1008
2808
1440
702
938
1064
1240
360
1452
630
1008
1400
592
164
1008
1815
1320
1530
1320
920
3024
1056
3906
2520
2400
684
18
2160
992
558
1482
18
1488
1584
756
2484
1530
3360
576
1520
3240
194
2304
1622
6912
2280
752
847
1512
511
600
1512
4284
440
522
1482
1484
1008
3186
3168
1170
2522
1248
3794
756
2304
3792
2880
828
1872
3751
1104
1452
2238
4320
2736
1953
3780
4920
2592
2400
2224
3180
3960
216
258
3696
4116
2634
2880
2268
2262
6600
756
576
1344
3120
2648
270
1584
60
3024
2149
2352
2160
1824
1104
960
3096
2750
896
504
2400
2244
3060
864
3520
840
2400
1416
464
384
3078
91
2160
1410
2548
320
3472
1182
3822
96
1052
1488
2232
252
2394
121
1920
1820
1778
5070
2257
2700
1860
2016
2096
1680
2257
72
2880
756
3600
4644
2784
648
4230
468
1344
5520
6384
2012
216
3516
1050
1560
1200
408
1893
14
7651
1344
2880
42
6396
954
480
2232
2821
1622
2064
1952
1260
5472
324
3416
4392
2198
5544
3924
500
1680
2379
1284
1920
684
2768
450
2790
3360
2832
307
2016
576
2944
5390
6840
7440
144
5796
7308
8736
1680
780
1036
3660
2096
1792
864
396
3020
4104
174
1680
2790
3450
4320
5600
1482
4290
5544
2180
616
1440
1800
4536
320
684
3152
714
2064
6944
3548
5760
4872
5568
5400
7098
1880
648
4216
124
2660
854
5936
504
3360
3024
10080
6120
2138
3936
2618
6480
3312
4336
4064
819
3518
998
2268
5632
10752
8512
2660
5324
4344
7124
2976
992
4290
7056
6192
2700
4608
2040
14112
3520
7128
3810
10452
7980
878
11466
5634
6384
882
57
9072
2826
8928
6144
307
1344
4644
9464
2940
2080
1848
5280
3794
5184
1488
5600
3360
8820
3248
8262
3600
15264
5460
10752
9176
126
234
1218
8130
4752
8550
3500
4704
978
2880
9072
7644
5544
10584
1872
1278
10296
21868
2898
183
1322
720
8730
18144
12068
3414
15288
13800
12480
384
6930
3762
5040
336
3000
14976
7360
1488
8200
4278
12672
3976
4860
19152
9856
13832
10608
15600
11844
5418
10668
9576
19224
14112
10530
17856
18144
14028
8370
9600
3740
18928
7812
11702
3296
930
3780
22008
1368
10800
2544
15552
29232
18512
6300
1080
15960
6012
15288
3280
6048
17280
1130
7058
792
12768
23280
6768
1296
1710
32592
35712
14592
27690
4260
5306
18656
32928
15252
660
3648
2812
19872
29120
27048
23426
14940
37422
11216
31248
16416
11102
4712
15504
171
32544
13056
30008
2904
28542
6240
25200
33264
26400
85536
17952
126480
108000
59940
19840
15084
48840
41598
3258
5040
72912
143280
10790
113688
17520
8694
320544
155760
275280
646800
701680
255240
