10
8
2 2 2 2 2 2 2 2
1 1 1 1 1 1 1 1
1 1 1 1 1 1 1 1
8
5 5 3 3 3 4 5 5
6 6 6 6 6 6 6 6
0 0 0 0 0 0 0 0
8
5 5 3 3 3 4 5 5
3 3 1 1 1 1 3 1
2 1 0 4 0 4 1 2
10
5  4  3  2  1  1  2  3  4  5  
3  3  3  3  3  3  3  3  3  3  
0  0  0  0  0  0  0  0  0  0  
10
1  2  3  4  5  6  7  8  9  10 
3  3  3  3  3  3  3  3  3  3  
0  0  0  0  0  0  0  0  0  0 
10
1  2  3  4  5  6  7  8  9  10 
3  3  3  3  3  3  3  3  3  3  
2  2  2  2  2  2  2  2  2  2 
10
5  3  7  9  7  4  9  9  7  10 
1  3  1  2  3  3  2  3  1  2  
0  0  5  4  2  4  5  1  2  4  
10
5  3  7  9  7  4  9  9  7  5 
1  3  1  2  3  3  2  3  1  2  
0  0  5  4  2  4  5  4  2  4  
10
5  3  7  9  7  4  9  9  7  5 
1  3  1  2  3  3  2  3  1  2  
0  0  5  4  2  4  5  1  2  4  
20
3  4  8  3  2  10 1  1  10 7  4  3  7  6  1  2  1  10 10 6  
5  2  4  5  4  1  4  1  4  4  5  4  2  2  3  1  4  5  5  2  
3  3  1  3  1  1  2  0  1  0  3  3  2  0  1  3  1  3  0  3  
20
2  8  10 7  2  5  2  10 8  3  10 5  7  9  8  4  8  9  5  2  
3  5  5  3  4  3  5  2  3  3  4  1  1  4  3  2  3  4  2  4  
1  3  0  0  0  1  2  3  3  0  1  2  2  0  2  3  2  3  3  2  
20
7  5  6  6  5  3  4  10 3  4  4  10 2  8  10 10 3  7  4  6  
3  1  1  2  4  3  4  1  4  3  3  2  4  4  4  2  2  1  3  1  
5  2  4  0  1  2  4  2  2  5  2  2  2  2  6  2  1  4  6  6 
20
5  5  7  5  6  9  7  9  9  3  8  10 7  3  6  6  4  4  8  10 
3  2  4  4  2  2  1  2  1  4  2  1  4  4  4  1  1  4  2  3  
4  6  4  4  1  0  6  6  4  6  4  1  2  4  0  5  1  5  6  4 
