5
100
58 23 83 10 98 47 66 63 80 19 91 64 62 33 5  43 7  62 47 23 53 4  43 11 23 80 22 100 65 8  31 42 40 27 54 95 6  9  79 78 46 5  52 17 83 8  48 56 77 84 61 40 63 94 46 36 60 53 5  23 96 25 87 27 33 20 57 74 59 62 91 38 45 94 33 34 61 58 18 34 60 70 100 90 72 52 2  56 31 69 88 87 82 57 83 83 82 2  67 44 
3  2  2  1  1  5  3  1  5  3  4  4  4  2  4  4  2  4  4  2  1  4  1  1  3  5  1  2  1  4  3  3  1  2  5  1  1  5  3  4  4  1  2  4  2  3  5  1  2  5  1  1  4  5  1  5  5  5  1  5  3  5  1  1  1  5  2  2  3  1  1  5  1  2  3  5  2  2  1  2  4  1  2  5  3  2  1  5  4  3  2  1  2  5  5  1  3  4  3  4  
4  5  7  5  5  4  4  3  4  5  5  3  3  7  7  2  2  2  4  2  5  5  5  2  2  2  5  5  7  5  7  3  2  6  4  7  3  3  6  4  2  2  3  2  5  3  3  3  4  5  4  3  2  3  5  7  2  5  6  2  6  3  7  7  6  7  4  4  2  3  7  3  5  5  6  4  2  2  3  4  7  3  2  2  5  5  4  4  6  4  3  5  3  2  5  7  6  4  2  5  
100
98 66 89 32 17 79 33 62 30 17 15 73 93 28 41 53 82 92 85 82 18 48 26 15 82 47 99 58 61 73 66 41 26 6  41 62 78 5  58 70 30 7  95 36 98 17 89 81 5  94 92 89 15 34 27 83 14 85 34 39 1  28 100 40 12 96 65 21 13 57 100 86 74 95 68 43 38 15 91 73 55 33 50 47 26 32 57 43 70 64 48 64 80 82 18 35 76 33 75 92 
2  4  4  5  4  5  2  4  3  1  3  3  5  1  4  5  1  3  3  4  3  5  4  3  3  2  3  5  3  2  4  1  3  4  2  2  2  4  3  4  2  4  2  1  4  2  3  4  2  5  1  2  1  4  5  5  1  3  1  4  3  5  4  1  3  3  1  2  1  1  1  1  3  2  4  3  4  3  4  1  2  3  3  4  1  3  2  3  4  4  4  3  5  2  2  5  1  2  2  3  
7  7  5  4  6  7  2  6  5  5  4  3  4  4  7  4  6  2  2  6  3  6  4  4  7  2  4  7  4  2  6  3  5  7  6  7  2  7  2  5  7  3  5  4  6  6  6  3  4  3  6  6  6  5  6  2  4  5  3  7  7  5  2  4  2  6  2  2  4  6  2  2  2  2  7  3  6  5  7  3  5  4  2  7  6  5  2  7  6  6  2  3  2  2  6  3  5  7  6  3  
100
24 77 73 72 41 23 46 43 94 95 76 48 66 24 26 83 90 91 57 83 77 63 24 44 85 65 57 55 99 44 69 51 83 79 73 82 41 86 71 66 91 35 30 72 97 57 82 36 59 73 44 95 97 83 79 79 59 80 68 75 73 57 67 91 87 21 89 57 41 44 81 83 49 45 45 36 23 71 22 60 46 79 71 53 90 62 73 53 65 34 52 73 54 65 92 29 55 95 62 97 
4  7  2  4  7  8  2  7  5  8  3  1  8  1  7  5  6  3  6  3  5  1  3  5  1  2  7  3  6  2  2  6  6  7  8  1  3  5  7  3  6  4  4  1  4  1  4  4  4  4  1  3  5  8  2  2  2  8  6  8  7  8  5  1  5  6  8  6  5  4  8  2  6  1  6  6  8  5  3  1  2  2  7  6  5  2  1  1  7  5  4  2  3  3  1  2  4  4  6  4  
9  6  8  6  6  3  2  9  2  7  7  7  8  6  9  9  8  7  6  8  9  9  9  7  5  6  3  6  4  3  3  9  4  9  9  4  10 8  4  4  3  4  4  3  10 10 4  8  2  10 7  7  9  4  9  9  4  7  5  5  4  8  5  4  4  7  4  5  2  2  4  8  7  7  4  6  4  3  6  9  7  5  10 5  3  3  7  8  6  10 5  6  9  2  4  5  4  8  3  2  
100
50 55 48 79 82 47 72 64 86 32 40 79 32 88 36 53 41 84 56 74 83 32 94 82 97 49 33 36 66 38 50 80 48 63 52 32 86 43 88 38 47 83 81 78 93 90 75 52 89 81 96 52 72 97 99 83 87 66 67 84 54 40 70 78 81 55 100 74 96 80 44 34 60 54 61 43 47 98 52 77 97 68 40 63 76 69 47 83 79 31 74 64 67 66 61 78 38 97 59 67 
3  10 5  2  9  8  5  6  3  4  9  10 10 2  5  3  7  9  1  1  4  6  4  10 4  6  6  7  3  10 6  3  7  10 10 4  6  10 9  1  9  1  9  4  10 9  9  1  2  8  1  6  1  3  8  3  4  7  3  2  7  6  9  10 1  5  10 3  5  1  2  4  1  3  6  6  3  5  6  1  2  4  1  10 4  8  4  2  6  10 2  1  8  9  6  6  2  5  1  3  
4  5  6  10 6  10 10 5  7  6  2  7  7  8  4  7  6  8  8  7  2  10 5  9  4  10 3  7  6  2  3  4  5  6  9  9  10 9  5  10 5  10 3  7  8  2  3  9  4  5  9  4  6  8  10 5  9  8  8  6  10 5  6  5  7  3  9  9  8  8  5  6  5  3  3  2  5  7  8  4  4  3  6  9  7  3  6  10 8  10 3  7  3  3  2  9  9  8  6  2  
100
47 46 70 60 49 59 36 35 85 68 54 77 70 62 59 65 59 70 100 77 70 69 62 62 54 85 37 31 63 85 42 58 40 78 47 88 74 64 52 32 68 48 78 83 57 42 99 61 70 44 66 89 81 51 78 76 74 67 62 38 76 81 30 33 58 94 81 91 46 35 47 88 67 55 73 64 52 81 44 79 87 41 78 35 78 97 68 48 61 81 38 49 82 58 41 68 98 53 40 36 
1  1  4  7  1  4  2  2  3  6  7  1  1  4  3  4  4  2  2  2  1  3  4  3  7  4  5  4  1  4  3  1  7  5  5  5  1  7  3  4  7  1  5  7  7  5  3  5  7  5  2  6  6  5  3  5  3  3  4  1  6  4  3  6  2  1  2  1  4  5  6  4  2  5  3  5  2  5  3  1  4  2  7  1  4  3  3  5  5  5  5  7  5  1  5  6  3  5  1  6  
2  3  2  8  8  7  8  2  3  8  8  6  9  7  3  7  4  7  8  4  2  8  2  10 7  9  5  8  5  7  2  4  4  3  3  7  2  10 8  3  8  5  3  9  9  6  10 7  2  10 7  6  7  2  6  7  3  3  4  2  9  9  5  3  4  4  4  2  10 2  4  5  6  7  7  2  8  8  10 2  9  6  9  3  6  5  8  3  2  3  8  7  4  4  8  9  4  10 4  7  
