10
2 2
0 0
2 2
3 2
0 0
2 2
3 2
6 2
0 1
0 0
1 0
2 2
2 3
3 2
6 3
0 1
0 0
1 0
2 2
2 3
3 2
5 5
0 0
0 1
0 2
0 3
0 4
5 4
0 0
1 1
2 3
3 5
4 7
1000 100
0 0
1 2
2 4
3 6
4 8
5 10
6 12
7 14
8 16
9 18
10 20
11 22
12 24
13 26
14 28
15 30
16 32
17 34
18 36
19 38
20 40
21 42
22 44
23 46
24 48
25 50
26 52
27 54
28 56
29 58
30 60
31 62
32 64
33 66
34 68
35 70
36 72
37 74
38 76
39 78
40 80
41 82
42 84
43 86
44 88
45 90
46 92
47 94
48 96
49 98
50 100
51 102
52 104
53 106
54 108
55 110
56 112
57 114
58 116
59 118
60 120
61 122
62 124
63 126
64 128
65 130
66 132
67 134
68 136
69 138
70 140
71 142
72 144
73 146
74 148
75 150
76 152
77 154
78 156
79 158
80 160
81 162
82 164
83 166
84 168
85 170
86 172
87 174
88 176
89 178
90 180
91 182
92 184
93 186
94 188
95 190
96 192
97 194
98 196
99 198
100 200
101 202
102 204
103 206
104 208
105 210
106 212
107 214
108 216
109 218
110 220
111 222
112 224
113 226
114 228
115 230
116 232
117 234
118 236
119 238
120 240
121 242
122 244
123 246
124 248
125 250
126 252
127 254
128 256
129 258
130 260
131 262
132 264
133 266
134 268
135 270
136 272
137 274
138 276
139 278
140 280
141 282
142 284
143 286
144 288
145 290
146 292
147 294
148 296
149 298
150 300
151 302
152 304
153 306
154 308
155 310
156 312
157 314
158 316
159 318
160 320
161 322
162 324
163 326
164 328
165 330
166 332
167 334
168 336
169 338
170 340
171 342
172 344
173 346
174 348
175 350
176 352
177 354
178 356
179 358
180 360
181 362
182 364
183 366
184 368
185 370
186 372
187 374
188 376
189 378
190 380
191 382
192 384
193 386
194 388
195 390
196 392
197 394
198 396
199 398
200 400
201 402
202 404
203 406
204 408
205 410
206 412
207 414
208 416
209 418
210 420
211 422
212 424
213 426
214 428
215 430
216 432
217 434
218 436
219 438
220 440
221 442
222 444
223 446
224 448
225 450
226 452
227 454
228 456
229 458
230 460
231 462
232 464
233 466
234 468
235 470
236 472
237 474
238 476
239 478
240 480
241 482
242 484
243 486
244 488
245 490
246 492
247 494
248 496
249 498
250 500
251 502
252 504
253 506
254 508
255 510
256 512
257 514
258 516
259 518
260 520
261 522
262 524
263 526
264 528
265 530
266 532
267 534
268 536
269 538
270 540
271 542
272 544
273 546
274 548
275 550
276 552
277 554
278 556
279 558
280 560
281 562
282 564
283 566
284 568
285 570
286 572
287 574
288 576
289 578
290 580
291 582
292 584
293 586
294 588
295 590
296 592
297 594
298 596
299 598
300 600
301 602
302 604
303 606
304 608
305 610
306 612
307 614
308 616
309 618
310 620
311 622
312 624
313 626
314 628
315 630
316 632
317 634
318 636
319 638
320 640
321 642
322 644
323 646
324 648
325 650
326 652
327 654
328 656
329 658
330 660
331 662
332 664
333 666
334 668
335 670
336 672
337 674
338 676
339 678
340 680
341 682
342 684
343 686
344 688
345 690
346 692
347 694
348 696
349 698
350 700
351 702
352 704
353 706
354 708
355 710
356 712
357 714
358 716
359 718
360 720
361 722
362 724
363 726
364 728
365 730
366 732
367 734
368 736
369 738
370 740
371 742
372 744
373 746
374 748
375 750
376 752
377 754
378 756
379 758
380 760
381 762
382 764
383 766
384 768
385 770
386 772
387 774
388 776
389 778
390 780
391 782
392 784
393 786
394 788
395 790
396 792
397 794
398 796
399 798
400 800
401 802
402 804
403 806
404 808
405 810
406 812
407 814
408 816
409 818
410 820
411 822
412 824
413 826
414 828
415 830
416 832
417 834
418 836
419 838
420 840
421 842
422 844
423 846
424 848
425 850
426 852
427 854
428 856
429 858
430 860
431 862
432 864
433 866
434 868
435 870
436 872
437 874
438 876
439 878
440 880
441 882
442 884
443 886
444 888
445 890
446 892
447 894
448 896
449 898
450 900
451 902
452 904
453 906
454 908
455 910
456 912
457 914
458 916
459 918
460 920
461 922
462 924
463 926
464 928
465 930
466 932
467 934
468 936
469 938
470 940
471 942
472 944
473 946
474 948
475 950
476 952
477 954
478 956
479 958
480 960
481 962
482 964
483 966
484 968
485 970
486 972
487 974
488 976
489 978
490 980
491 982
492 984
493 986
494 988
495 990
496 992
497 994
498 996
499 998
500 1000
501 1002
502 1004
503 1006
504 1008
505 1010
506 1012
507 1014
508 1016
509 1018
510 1020
511 1022
512 1024
513 1026
514 1028
515 1030
516 1032
517 1034
518 1036
519 1038
520 1040
521 1042
522 1044
523 1046
524 1048
525 1050
526 1052
527 1054
528 1056
529 1058
530 1060
531 1062
532 1064
533 1066
534 1068
535 1070
536 1072
537 1074
538 1076
539 1078
540 1080
541 1082
542 1084
543 1086
544 1088
545 1090
546 1092
547 1094
548 1096
549 1098
550 1100
551 1102
552 1104
553 1106
554 1108
555 1110
556 1112
557 1114
558 1116
559 1118
560 1120
561 1122
562 1124
563 1126
564 1128
565 1130
566 1132
567 1134
568 1136
569 1138
570 1140
571 1142
572 1144
573 1146
574 1148
575 1150
576 1152
577 1154
578 1156
579 1158
580 1160
581 1162
582 1164
583 1166
584 1168
585 1170
586 1172
587 1174
588 1176
589 1178
590 1180
591 1182
592 1184
593 1186
594 1188
595 1190
596 1192
597 1194
598 1196
599 1198
600 1200
601 1202
602 1204
603 1206
604 1208
605 1210
606 1212
607 1214
608 1216
609 1218
610 1220
611 1222
612 1224
613 1226
614 1228
615 1230
616 1232
617 1234
618 1236
619 1238
620 1240
621 1242
622 1244
623 1246
624 1248
625 1250
626 1252
627 1254
628 1256
629 1258
630 1260
631 1262
632 1264
633 1266
634 1268
635 1270
636 1272
637 1274
638 1276
639 1278
640 1280
641 1282
642 1284
643 1286
644 1288
645 1290
646 1292
647 1294
648 1296
649 1298
650 1300
651 1302
652 1304
653 1306
654 1308
655 1310
656 1312
657 1314
658 1316
659 1318
660 1320
661 1322
662 1324
663 1326
664 1328
665 1330
666 1332
667 1334
668 1336
669 1338
670 1340
671 1342
672 1344
673 1346
674 1348
675 1350
676 1352
677 1354
678 1356
679 1358
680 1360
681 1362
682 1364
683 1366
684 1368
685 1370
686 1372
687 1374
688 1376
689 1378
690 1380
691 1382
692 1384
693 1386
694 1388
695 1390
696 1392
697 1394
698 1396
699 1398
700 1400
701 1402
702 1404
703 1406
704 1408
705 1410
706 1412
707 1414
708 1416
709 1418
710 1420
711 1422
712 1424
713 1426
714 1428
715 1430
716 1432
717 1434
718 1436
719 1438
720 1440
721 1442
722 1444
723 1446
724 1448
725 1450
726 1452
727 1454
728 1456
729 1458
730 1460
731 1462
732 1464
733 1466
734 1468
735 1470
736 1472
737 1474
738 1476
739 1478
740 1480
741 1482
742 1484
743 1486
744 1488
745 1490
746 1492
747 1494
748 1496
749 1498
750 1500
751 1502
752 1504
753 1506
754 1508
755 1510
756 1512
757 1514
758 1516
759 1518
760 1520
761 1522
762 1524
763 1526
764 1528
765 1530
766 1532
767 1534
768 1536
769 1538
770 1540
771 1542
772 1544
773 1546
774 1548
775 1550
776 1552
777 1554
778 1556
779 1558
780 1560
781 1562
782 1564
783 1566
784 1568
785 1570
786 1572
787 1574
788 1576
789 1578
790 1580
791 1582
792 1584
793 1586
794 1588
795 1590
796 1592
797 1594
798 1596
799 1598
800 1600
801 1602
802 1604
803 1606
804 1608
805 1610
806 1612
807 1614
808 1616
809 1618
810 1620
811 1622
812 1624
813 1626
814 1628
815 1630
816 1632
817 1634
818 1636
819 1638
820 1640
821 1642
822 1644
823 1646
824 1648
825 1650
826 1652
827 1654
828 1656
829 1658
830 1660
831 1662
832 1664
833 1666
834 1668
835 1670
836 1672
837 1674
838 1676
839 1678
840 1680
841 1682
842 1684
843 1686
844 1688
845 1690
846 1692
847 1694
848 1696
849 1698
850 1700
851 1702
852 1704
853 1706
854 1708
855 1710
856 1712
857 1714
858 1716
859 1718
860 1720
861 1722
862 1724
863 1726
864 1728
865 1730
866 1732
867 1734
868 1736
869 1738
870 1740
871 1742
872 1744
873 1746
874 1748
875 1750
876 1752
877 1754
878 1756
879 1758
880 1760
881 1762
882 1764
883 1766
884 1768
885 1770
886 1772
887 1774
888 1776
889 1778
890 1780
891 1782
892 1784
893 1786
894 1788
895 1790
896 1792
897 1794
898 1796
899 1798
900 1800
901 1802
902 1804
903 1806
904 1808
905 1810
906 1812
907 1814
908 1816
909 1818
910 1820
911 1822
912 1824
913 1826
914 1828
915 1830
916 1832
917 1834
918 1836
919 1838
920 1840
921 1842
922 1844
923 1846
924 1848
925 1850
926 1852
927 1854
928 1856
929 1858
930 1860
931 1862
932 1864
933 1866
934 1868
935 1870
936 1872
937 1874
938 1876
939 1878
940 1880
941 1882
942 1884
943 1886
944 1888
945 1890
946 1892
947 1894
948 1896
949 1898
950 1900
951 1902
952 1904
953 1906
954 1908
955 1910
956 1912
957 1914
958 1916
959 1918
960 1920
961 1922
962 1924
963 1926
964 1928
965 1930
966 1932
967 1934
968 1936
969 1938
970 1940
971 1942
972 1944
973 1946
974 1948
975 1950
976 1952
977 1954
978 1956
979 1958
980 1960
981 1962
982 1964
983 1966
984 1968
985 1970
986 1972
987 1974
988 1976
989 1978
990 1980
991 1982
992 1984
993 1986
994 1988
995 1990
996 1992
997 1994
998 1996
999 1998
100 10
0 0
0 1
0 4
0 9
0 16
0 25
0 36
0 49
0 64
0 81
0 100
0 121
0 144
0 169
0 196
0 225
0 256
0 289
0 324
0 361
0 400
0 441
0 484
0 529
0 576
0 625
0 676
0 729
0 784
0 841
0 900
0 961
0 1024
0 1089
0 1156
0 1225
0 1296
0 1369
0 1444
0 1521
0 1600
0 1681
0 1764
0 1849
0 1936
0 2025
0 2116
0 2209
0 2304
0 2401
0 2500
0 2601
0 2704
0 2809
0 2916
0 3025
0 3136
0 3249
0 3364
0 3481
0 3600
0 3721
0 3844
0 3969
0 4096
0 4225
0 4356
0 4489
0 4624
0 4761
0 4900
0 5041
0 5184
0 5329
0 5476
0 5625
0 5776
0 5929
0 6084
0 6241
0 6400
0 6561
0 6724
0 6889
0 7056
0 7225
0 7396
0 7569
0 7744
0 7921
0 8100
0 8281
0 8464
0 8649
0 8836
0 9025
0 9216
0 9409
0 9604
0 9801
100 2
0 0
0 2
0 4
0 6
0 8
0 10
0 12
0 14
0 16
0 18
1 0
1 2
1 4
1 6
1 8
1 10
1 12
1 14
1 16
1 18
2 0
2 2
2 4
2 6
2 8
2 10
2 12
2 14
2 16
2 18
3 0
3 2
3 4
3 6
3 8
3 10
3 12
3 14
3 16
3 18
4 0
4 2
4 4
4 6
4 8
4 10
4 12
4 14
4 16
4 18
5 0
5 2
5 4
5 6
5 8
5 10
5 12
5 14
5 16
5 18
6 0
6 2
6 4
6 6
6 8
6 10
6 12
6 14
6 16
6 18
7 0
7 2
7 4
7 6
7 8
7 10
7 12
7 14
7 16
7 18
8 0
8 2
8 4
8 6
8 8
8 10
8 12
8 14
8 16
8 18
9 0
9 2
9 4
9 6
9 8
9 10
9 12
9 14
9 16
9 18
1000 100
0 0
0 2
0 4
0 6
0 8
0 10
0 12
0 14
0 16
0 18
0 20
0 22
0 24
0 26
0 28
0 30
0 32
0 34
0 36
0 38
0 40
0 42
0 44
0 46
0 48
0 50
0 52
0 54
0 56
0 58
0 60
0 62
0 64
0 66
0 68
0 70
0 72
0 74
0 76
0 78
0 80
0 82
0 84
0 86
0 88
0 90
0 92
0 94
0 96
0 98
0 100
0 102
0 104
0 106
0 108
0 110
0 112
0 114
0 116
0 118
0 120
0 122
0 124
0 126
0 128
0 130
0 132
0 134
0 136
0 138
0 140
0 142
0 144
0 146
0 148
0 150
0 152
0 154
0 156
0 158
0 160
0 162
0 164
0 166
0 168
0 170
0 172
0 174
0 176
0 178
0 180
0 182
0 184
0 186
0 188
0 190
0 192
0 194
0 196
0 198
1 0
1 2
1 4
1 6
1 8
1 10
1 12
1 14
1 16
1 18
1 20
1 22
1 24
1 26
1 28
1 30
1 32
1 34
1 36
1 38
1 40
1 42
1 44
1 46
1 48
1 50
1 52
1 54
1 56
1 58
1 60
1 62
1 64
1 66
1 68
1 70
1 72
1 74
1 76
1 78
1 80
1 82
1 84
1 86
1 88
1 90
1 92
1 94
1 96
1 98
1 100
1 102
1 104
1 106
1 108
1 110
1 112
1 114
1 116
1 118
1 120
1 122
1 124
1 126
1 128
1 130
1 132
1 134
1 136
1 138
1 140
1 142
1 144
1 146
1 148
1 150
1 152
1 154
1 156
1 158
1 160
1 162
1 164
1 166
1 168
1 170
1 172
1 174
1 176
1 178
1 180
1 182
1 184
1 186
1 188
1 190
1 192
1 194
1 196
1 198
2 0
2 2
2 4
2 6
2 8
2 10
2 12
2 14
2 16
2 18
2 20
2 22
2 24
2 26
2 28
2 30
2 32
2 34
2 36
2 38
2 40
2 42
2 44
2 46
2 48
2 50
2 52
2 54
2 56
2 58
2 60
2 62
2 64
2 66
2 68
2 70
2 72
2 74
2 76
2 78
2 80
2 82
2 84
2 86
2 88
2 90
2 92
2 94
2 96
2 98
2 100
2 102
2 104
2 106
2 108
2 110
2 112
2 114
2 116
2 118
2 120
2 122
2 124
2 126
2 128
2 130
2 132
2 134
2 136
2 138
2 140
2 142
2 144
2 146
2 148
2 150
2 152
2 154
2 156
2 158
2 160
2 162
2 164
2 166
2 168
2 170
2 172
2 174
2 176
2 178
2 180
2 182
2 184
2 186
2 188
2 190
2 192
2 194
2 196
2 198
3 0
3 2
3 4
3 6
3 8
3 10
3 12
3 14
3 16
3 18
3 20
3 22
3 24
3 26
3 28
3 30
3 32
3 34
3 36
3 38
3 40
3 42
3 44
3 46
3 48
3 50
3 52
3 54
3 56
3 58
3 60
3 62
3 64
3 66
3 68
3 70
3 72
3 74
3 76
3 78
3 80
3 82
3 84
3 86
3 88
3 90
3 92
3 94
3 96
3 98
3 100
3 102
3 104
3 106
3 108
3 110
3 112
3 114
3 116
3 118
3 120
3 122
3 124
3 126
3 128
3 130
3 132
3 134
3 136
3 138
3 140
3 142
3 144
3 146
3 148
3 150
3 152
3 154
3 156
3 158
3 160
3 162
3 164
3 166
3 168
3 170
3 172
3 174
3 176
3 178
3 180
3 182
3 184
3 186
3 188
3 190
3 192
3 194
3 196
3 198
4 0
4 2
4 4
4 6
4 8
4 10
4 12
4 14
4 16
4 18
4 20
4 22
4 24
4 26
4 28
4 30
4 32
4 34
4 36
4 38
4 40
4 42
4 44
4 46
4 48
4 50
4 52
4 54
4 56
4 58
4 60
4 62
4 64
4 66
4 68
4 70
4 72
4 74
4 76
4 78
4 80
4 82
4 84
4 86
4 88
4 90
4 92
4 94
4 96
4 98
4 100
4 102
4 104
4 106
4 108
4 110
4 112
4 114
4 116
4 118
4 120
4 122
4 124
4 126
4 128
4 130
4 132
4 134
4 136
4 138
4 140
4 142
4 144
4 146
4 148
4 150
4 152
4 154
4 156
4 158
4 160
4 162
4 164
4 166
4 168
4 170
4 172
4 174
4 176
4 178
4 180
4 182
4 184
4 186
4 188
4 190
4 192
4 194
4 196
4 198
5 0
5 2
5 4
5 6
5 8
5 10
5 12
5 14
5 16
5 18
5 20
5 22
5 24
5 26
5 28
5 30
5 32
5 34
5 36
5 38
5 40
5 42
5 44
5 46
5 48
5 50
5 52
5 54
5 56
5 58
5 60
5 62
5 64
5 66
5 68
5 70
5 72
5 74
5 76
5 78
5 80
5 82
5 84
5 86
5 88
5 90
5 92
5 94
5 96
5 98
5 100
5 102
5 104
5 106
5 108
5 110
5 112
5 114
5 116
5 118
5 120
5 122
5 124
5 126
5 128
5 130
5 132
5 134
5 136
5 138
5 140
5 142
5 144
5 146
5 148
5 150
5 152
5 154
5 156
5 158
5 160
5 162
5 164
5 166
5 168
5 170
5 172
5 174
5 176
5 178
5 180
5 182
5 184
5 186
5 188
5 190
5 192
5 194
5 196
5 198
6 0
6 2
6 4
6 6
6 8
6 10
6 12
6 14
6 16
6 18
6 20
6 22
6 24
6 26
6 28
6 30
6 32
6 34
6 36
6 38
6 40
6 42
6 44
6 46
6 48
6 50
6 52
6 54
6 56
6 58
6 60
6 62
6 64
6 66
6 68
6 70
6 72
6 74
6 76
6 78
6 80
6 82
6 84
6 86
6 88
6 90
6 92
6 94
6 96
6 98
6 100
6 102
6 104
6 106
6 108
6 110
6 112
6 114
6 116
6 118
6 120
6 122
6 124
6 126
6 128
6 130
6 132
6 134
6 136
6 138
6 140
6 142
6 144
6 146
6 148
6 150
6 152
6 154
6 156
6 158
6 160
6 162
6 164
6 166
6 168
6 170
6 172
6 174
6 176
6 178
6 180
6 182
6 184
6 186
6 188
6 190
6 192
6 194
6 196
6 198
7 0
7 2
7 4
7 6
7 8
7 10
7 12
7 14
7 16
7 18
7 20
7 22
7 24
7 26
7 28
7 30
7 32
7 34
7 36
7 38
7 40
7 42
7 44
7 46
7 48
7 50
7 52
7 54
7 56
7 58
7 60
7 62
7 64
7 66
7 68
7 70
7 72
7 74
7 76
7 78
7 80
7 82
7 84
7 86
7 88
7 90
7 92
7 94
7 96
7 98
7 100
7 102
7 104
7 106
7 108
7 110
7 112
7 114
7 116
7 118
7 120
7 122
7 124
7 126
7 128
7 130
7 132
7 134
7 136
7 138
7 140
7 142
7 144
7 146
7 148
7 150
7 152
7 154
7 156
7 158
7 160
7 162
7 164
7 166
7 168
7 170
7 172
7 174
7 176
7 178
7 180
7 182
7 184
7 186
7 188
7 190
7 192
7 194
7 196
7 198
8 0
8 2
8 4
8 6
8 8
8 10
8 12
8 14
8 16
8 18
8 20
8 22
8 24
8 26
8 28
8 30
8 32
8 34
8 36
8 38
8 40
8 42
8 44
8 46
8 48
8 50
8 52
8 54
8 56
8 58
8 60
8 62
8 64
8 66
8 68
8 70
8 72
8 74
8 76
8 78
8 80
8 82
8 84
8 86
8 88
8 90
8 92
8 94
8 96
8 98
8 100
8 102
8 104
8 106
8 108
8 110
8 112
8 114
8 116
8 118
8 120
8 122
8 124
8 126
8 128
8 130
8 132
8 134
8 136
8 138
8 140
8 142
8 144
8 146
8 148
8 150
8 152
8 154
8 156
8 158
8 160
8 162
8 164
8 166
8 168
8 170
8 172
8 174
8 176
8 178
8 180
8 182
8 184
8 186
8 188
8 190
8 192
8 194
8 196
8 198
9 0
9 2
9 4
9 6
9 8
9 10
9 12
9 14
9 16
9 18
9 20
9 22
9 24
9 26
9 28
9 30
9 32
9 34
9 36
9 38
9 40
9 42
9 44
9 46
9 48
9 50
9 52
9 54
9 56
9 58
9 60
9 62
9 64
9 66
9 68
9 70
9 72
9 74
9 76
9 78
9 80
9 82
9 84
9 86
9 88
9 90
9 92
9 94
9 96
9 98
9 100
9 102
9 104
9 106
9 108
9 110
9 112
9 114
9 116
9 118
9 120
9 122
9 124
9 126
9 128
9 130
9 132
9 134
9 136
9 138
9 140
9 142
9 144
9 146
9 148
9 150
9 152
9 154
9 156
9 158
9 160
9 162
9 164
9 166
9 168
9 170
9 172
9 174
9 176
9 178
9 180
9 182
9 184
9 186
9 188
9 190
9 192
9 194
9 196
9 198
10 0
10 2
10 4
10 6
10 8
10 10
10 12
10 14
10 16
10 18
10 20
10 22
10 24
10 26
10 28
10 30
10 32
10 34
10 36
10 38
10 40
10 42
10 44
10 46
10 48
10 50
10 52
10 54
10 56
10 58
10 60
10 62
10 64
10 66
10 68
10 70
10 72
10 74
10 76
10 78
10 80
10 82
10 84
10 86
10 88
10 90
10 92
10 94
10 96
10 98
10 100
10 102
10 104
10 106
10 108
10 110
10 112
10 114
10 116
10 118
10 120
10 122
10 124
10 126
10 128
10 130
10 132
10 134
10 136
10 138
10 140
10 142
10 144
10 146
10 148
10 150
10 152
10 154
10 156
10 158
10 160
10 162
10 164
10 166
10 168
10 170
10 172
10 174
10 176
10 178
10 180
10 182
10 184
10 186
10 188
10 190
10 192
10 194
10 196
10 198
11 0
11 2
11 4
11 6
11 8
11 10
11 12
11 14
11 16
11 18
11 20
11 22
11 24
11 26
11 28
11 30
11 32
11 34
11 36
11 38
11 40
11 42
11 44
11 46
11 48
11 50
11 52
11 54
11 56
11 58
11 60
11 62
11 64
11 66
11 68
11 70
11 72
11 74
11 76
11 78
11 80
11 82
11 84
11 86
11 88
11 90
11 92
11 94
11 96
11 98
11 100
11 102
11 104
11 106
11 108
11 110
11 112
11 114
11 116
11 118
11 120
11 122
11 124
11 126
11 128
11 130
11 132
11 134
11 136
11 138
11 140
11 142
11 144
11 146
11 148
11 150
11 152
11 154
11 156
11 158
11 160
11 162
11 164
11 166
11 168
11 170
11 172
11 174
11 176
11 178
11 180
11 182
11 184
11 186
11 188
11 190
11 192
11 194
11 196
11 198
12 0
12 2
12 4
12 6
12 8
12 10
12 12
12 14
12 16
12 18
12 20
12 22
12 24
12 26
12 28
12 30
12 32
12 34
12 36
12 38
12 40
12 42
12 44
12 46
12 48
12 50
12 52
12 54
12 56
12 58
12 60
12 62
12 64
12 66
12 68
12 70
12 72
12 74
12 76
12 78
12 80
12 82
12 84
12 86
12 88
12 90
12 92
12 94
12 96
12 98
12 100
12 102
12 104
12 106
12 108
12 110
12 112
12 114
12 116
12 118
12 120
12 122
12 124
12 126
12 128
12 130
12 132
12 134
12 136
12 138
12 140
12 142
12 144
12 146
12 148
12 150
12 152
12 154
12 156
12 158
12 160
12 162
12 164
12 166
12 168
12 170
12 172
12 174
12 176
12 178
12 180
12 182
12 184
12 186
12 188
12 190
12 192
12 194
12 196
12 198
13 0
13 2
13 4
13 6
13 8
13 10
13 12
13 14
13 16
13 18
13 20
13 22
13 24
13 26
13 28
13 30
13 32
13 34
13 36
13 38
13 40
13 42
13 44
13 46
13 48
13 50
13 52
13 54
13 56
13 58
13 60
13 62
13 64
13 66
13 68
13 70
13 72
13 74
13 76
13 78
13 80
13 82
13 84
13 86
13 88
13 90
13 92
13 94
13 96
13 98
13 100
13 102
13 104
13 106
13 108
13 110
13 112
13 114
13 116
13 118
13 120
13 122
13 124
13 126
13 128
13 130
13 132
13 134
13 136
13 138
13 140
13 142
13 144
13 146
13 148
13 150
13 152
13 154
13 156
13 158
13 160
13 162
13 164
13 166
13 168
13 170
13 172
13 174
13 176
13 178
13 180
13 182
13 184
13 186
13 188
13 190
13 192
13 194
13 196
13 198
14 0
14 2
14 4
14 6
14 8
14 10
14 12
14 14
14 16
14 18
14 20
14 22
14 24
14 26
14 28
14 30
14 32
14 34
14 36
14 38
14 40
14 42
14 44
14 46
14 48
14 50
14 52
14 54
14 56
14 58
14 60
14 62
14 64
14 66
14 68
14 70
14 72
14 74
14 76
14 78
14 80
14 82
14 84
14 86
14 88
14 90
14 92
14 94
14 96
14 98
14 100
14 102
14 104
14 106
14 108
14 110
14 112
14 114
14 116
14 118
14 120
14 122
14 124
14 126
14 128
14 130
14 132
14 134
14 136
14 138
14 140
14 142
14 144
14 146
14 148
14 150
14 152
14 154
14 156
14 158
14 160
14 162
14 164
14 166
14 168
14 170
14 172
14 174
14 176
14 178
14 180
14 182
14 184
14 186
14 188
14 190
14 192
14 194
14 196
14 198
15 0
15 2
15 4
15 6
15 8
15 10
15 12
15 14
15 16
15 18
15 20
15 22
15 24
15 26
15 28
15 30
15 32
15 34
15 36
15 38
15 40
15 42
15 44
15 46
15 48
15 50
15 52
15 54
15 56
15 58
15 60
15 62
15 64
15 66
15 68
15 70
15 72
15 74
15 76
15 78
15 80
15 82
15 84
15 86
15 88
15 90
15 92
15 94
15 96
15 98
15 100
15 102
15 104
15 106
15 108
15 110
15 112
15 114
15 116
15 118
15 120
15 122
15 124
15 126
15 128
15 130
15 132
15 134
15 136
15 138
15 140
15 142
15 144
15 146
15 148
15 150
15 152
15 154
15 156
15 158
15 160
15 162
15 164
15 166
15 168
15 170
15 172
15 174
15 176
15 178
15 180
15 182
15 184
15 186
15 188
15 190
15 192
15 194
15 196
15 198
16 0
16 2
16 4
16 6
16 8
16 10
16 12
16 14
16 16
16 18
16 20
16 22
16 24
16 26
16 28
16 30
16 32
16 34
16 36
16 38
16 40
16 42
16 44
16 46
16 48
16 50
16 52
16 54
16 56
16 58
16 60
16 62
16 64
16 66
16 68
16 70
16 72
16 74
16 76
16 78
16 80
16 82
16 84
16 86
16 88
16 90
16 92
16 94
16 96
16 98
16 100
16 102
16 104
16 106
16 108
16 110
16 112
16 114
16 116
16 118
16 120
16 122
16 124
16 126
16 128
16 130
16 132
16 134
16 136
16 138
16 140
16 142
16 144
16 146
16 148
16 150
16 152
16 154
16 156
16 158
16 160
16 162
16 164
16 166
16 168
16 170
16 172
16 174
16 176
16 178
16 180
16 182
16 184
16 186
16 188
16 190
16 192
16 194
16 196
16 198
17 0
17 2
17 4
17 6
17 8
17 10
17 12
17 14
17 16
17 18
17 20
17 22
17 24
17 26
17 28
17 30
17 32
17 34
17 36
17 38
17 40
17 42
17 44
17 46
17 48
17 50
17 52
17 54
17 56
17 58
17 60
17 62
17 64
17 66
17 68
17 70
17 72
17 74
17 76
17 78
17 80
17 82
17 84
17 86
17 88
17 90
17 92
17 94
17 96
17 98
17 100
17 102
17 104
17 106
17 108
17 110
17 112
17 114
17 116
17 118
17 120
17 122
17 124
17 126
17 128
17 130
17 132
17 134
17 136
17 138
17 140
17 142
17 144
17 146
17 148
17 150
17 152
17 154
17 156
17 158
17 160
17 162
17 164
17 166
17 168
17 170
17 172
17 174
17 176
17 178
17 180
17 182
17 184
17 186
17 188
17 190
17 192
17 194
17 196
17 198
18 0
18 2
18 4
18 6
18 8
18 10
18 12
18 14
18 16
18 18
18 20
18 22
18 24
18 26
18 28
18 30
18 32
18 34
18 36
18 38
18 40
18 42
18 44
18 46
18 48
18 50
18 52
18 54
18 56
18 58
18 60
18 62
18 64
18 66
18 68
18 70
18 72
18 74
18 76
18 78
18 80
18 82
18 84
18 86
18 88
18 90
18 92
18 94
18 96
18 98
18 100
18 102
18 104
18 106
18 108
18 110
18 112
18 114
18 116
18 118
18 120
18 122
18 124
18 126
18 128
18 130
18 132
18 134
18 136
18 138
18 140
18 142
18 144
18 146
18 148
18 150
18 152
18 154
18 156
18 158
18 160
18 162
18 164
18 166
18 168
18 170
18 172
18 174
18 176
18 178
18 180
18 182
18 184
18 186
18 188
18 190
18 192
18 194
18 196
18 198
19 0
19 2
19 4
19 6
19 8
19 10
19 12
19 14
19 16
19 18
19 20
19 22
19 24
19 26
19 28
19 30
19 32
19 34
19 36
19 38
19 40
19 42
19 44
19 46
19 48
19 50
19 52
19 54
19 56
19 58
19 60
19 62
19 64
19 66
19 68
19 70
19 72
19 74
19 76
19 78
19 80
19 82
19 84
19 86
19 88
19 90
19 92
19 94
19 96
19 98
19 100
19 102
19 104
19 106
19 108
19 110
19 112
19 114
19 116
19 118
19 120
19 122
19 124
19 126
19 128
19 130
19 132
19 134
19 136
19 138
19 140
19 142
19 144
19 146
19 148
19 150
19 152
19 154
19 156
19 158
19 160
19 162
19 164
19 166
19 168
19 170
19 172
19 174
19 176
19 178
19 180
19 182
19 184
19 186
19 188
19 190
19 192
19 194
19 196
19 198
20 0
20 2
20 4
20 6
20 8
20 10
20 12
20 14
20 16
20 18
20 20
20 22
20 24
20 26
20 28
20 30
20 32
20 34
20 36
20 38
20 40
20 42
20 44
20 46
20 48
20 50
20 52
20 54
20 56
20 58
20 60
20 62
20 64
20 66
20 68
20 70
20 72
20 74
20 76
20 78
20 80
20 82
20 84
20 86
20 88
20 90
20 92
20 94
20 96
20 98
20 100
20 102
20 104
20 106
20 108
20 110
20 112
20 114
20 116
20 118
20 120
20 122
20 124
20 126
20 128
20 130
20 132
20 134
20 136
20 138
20 140
20 142
20 144
20 146
20 148
20 150
20 152
20 154
20 156
20 158
20 160
20 162
20 164
20 166
20 168
20 170
20 172
20 174
20 176
20 178
20 180
20 182
20 184
20 186
20 188
20 190
20 192
20 194
20 196
20 198
21 0
21 2
21 4
21 6
21 8
21 10
21 12
21 14
21 16
21 18
21 20
21 22
21 24
21 26
21 28
21 30
21 32
21 34
21 36
21 38
21 40
21 42
21 44
21 46
21 48
21 50
21 52
21 54
21 56
21 58
21 60
21 62
21 64
21 66
21 68
21 70
21 72
21 74
21 76
21 78
21 80
21 82
21 84
21 86
21 88
21 90
21 92
21 94
21 96
21 98
21 100
21 102
21 104
21 106
21 108
21 110
21 112
21 114
21 116
21 118
21 120
21 122
21 124
21 126
21 128
21 130
21 132
21 134
21 136
21 138
21 140
21 142
21 144
21 146
21 148
21 150
21 152
21 154
21 156
21 158
21 160
21 162
21 164
21 166
21 168
21 170
21 172
21 174
21 176
21 178
21 180
21 182
21 184
21 186
21 188
21 190
21 192
21 194
21 196
21 198
22 0
22 2
22 4
22 6
22 8
22 10
22 12
22 14
22 16
22 18
22 20
22 22
22 24
22 26
22 28
22 30
22 32
22 34
22 36
22 38
22 40
22 42
22 44
22 46
22 48
22 50
22 52
22 54
22 56
22 58
22 60
22 62
22 64
22 66
22 68
22 70
22 72
22 74
22 76
22 78
22 80
22 82
22 84
22 86
22 88
22 90
22 92
22 94
22 96
22 98
22 100
22 102
22 104
22 106
22 108
22 110
22 112
22 114
22 116
22 118
22 120
22 122
22 124
22 126
22 128
22 130
22 132
22 134
22 136
22 138
22 140
22 142
22 144
22 146
22 148
22 150
22 152
22 154
22 156
22 158
22 160
22 162
22 164
22 166
22 168
22 170
22 172
22 174
22 176
22 178
22 180
22 182
22 184
22 186
22 188
22 190
22 192
22 194
22 196
22 198
23 0
23 2
23 4
23 6
23 8
23 10
23 12
23 14
23 16
23 18
23 20
23 22
23 24
23 26
23 28
23 30
23 32
23 34
23 36
23 38
23 40
23 42
23 44
23 46
23 48
23 50
23 52
23 54
23 56
23 58
23 60
23 62
23 64
23 66
23 68
23 70
23 72
23 74
23 76
23 78
23 80
23 82
23 84
23 86
23 88
23 90
23 92
23 94
23 96
23 98
23 100
23 102
23 104
23 106
23 108
23 110
23 112
23 114
23 116
23 118
23 120
23 122
23 124
23 126
23 128
23 130
23 132
23 134
23 136
23 138
23 140
23 142
23 144
23 146
23 148
23 150
23 152
23 154
23 156
23 158
23 160
23 162
23 164
23 166
23 168
23 170
23 172
23 174
23 176
23 178
23 180
23 182
23 184
23 186
23 188
23 190
23 192
23 194
23 196
23 198
24 0
24 2
24 4
24 6
24 8
24 10
24 12
24 14
24 16
24 18
24 20
24 22
24 24
24 26
24 28
24 30
24 32
24 34
24 36
24 38
24 40
24 42
24 44
24 46
24 48
24 50
24 52
24 54
24 56
24 58
24 60
24 62
24 64
24 66
24 68
24 70
24 72
24 74
24 76
24 78
24 80
24 82
24 84
24 86
24 88
24 90
24 92
24 94
24 96
24 98
24 100
24 102
24 104
24 106
24 108
24 110
24 112
24 114
24 116
24 118
24 120
24 122
24 124
24 126
24 128
24 130
24 132
24 134
24 136
24 138
24 140
24 142
24 144
24 146
24 148
24 150
24 152
24 154
24 156
24 158
24 160
24 162
24 164
24 166
24 168
24 170
24 172
24 174
24 176
24 178
24 180
24 182
24 184
24 186
24 188
24 190
24 192
24 194
24 196
24 198
25 0
25 2
25 4
25 6
25 8
25 10
25 12
25 14
25 16
25 18
25 20
25 22
25 24
25 26
25 28
25 30
25 32
25 34
25 36
25 38
25 40
25 42
25 44
25 46
25 48
25 50
25 52
25 54
25 56
25 58
25 60
25 62
25 64
25 66
25 68
25 70
25 72
25 74
25 76
25 78
25 80
25 82
25 84
25 86
25 88
25 90
25 92
25 94
25 96
25 98
25 100
25 102
25 104
25 106
25 108
25 110
25 112
25 114
25 116
25 118
25 120
25 122
25 124
25 126
25 128
25 130
25 132
25 134
25 136
25 138
25 140
25 142
25 144
25 146
25 148
25 150
25 152
25 154
25 156
25 158
25 160
25 162
25 164
25 166
25 168
25 170
25 172
25 174
25 176
25 178
25 180
25 182
25 184
25 186
25 188
25 190
25 192
25 194
25 196
25 198
26 0
26 2
26 4
26 6
26 8
26 10
26 12
26 14
26 16
26 18
26 20
26 22
26 24
26 26
26 28
26 30
26 32
26 34
26 36
26 38
26 40
26 42
26 44
26 46
26 48
26 50
26 52
26 54
26 56
26 58
26 60
26 62
26 64
26 66
26 68
26 70
26 72
26 74
26 76
26 78
26 80
26 82
26 84
26 86
26 88
26 90
26 92
26 94
26 96
26 98
26 100
26 102
26 104
26 106
26 108
26 110
26 112
26 114
26 116
26 118
26 120
26 122
26 124
26 126
26 128
26 130
26 132
26 134
26 136
26 138
26 140
26 142
26 144
26 146
26 148
26 150
26 152
26 154
26 156
26 158
26 160
26 162
26 164
26 166
26 168
26 170
26 172
26 174
26 176
26 178
26 180
26 182
26 184
26 186
26 188
26 190
26 192
26 194
26 196
26 198
27 0
27 2
27 4
27 6
27 8
27 10
27 12
27 14
27 16
27 18
27 20
27 22
27 24
27 26
27 28
27 30
27 32
27 34
27 36
27 38
27 40
27 42
27 44
27 46
27 48
27 50
27 52
27 54
27 56
27 58
27 60
27 62
27 64
27 66
27 68
27 70
27 72
27 74
27 76
27 78
27 80
27 82
27 84
27 86
27 88
27 90
27 92
27 94
27 96
27 98
27 100
27 102
27 104
27 106
27 108
27 110
27 112
27 114
27 116
27 118
27 120
27 122
27 124
27 126
27 128
27 130
27 132
27 134
27 136
27 138
27 140
27 142
27 144
27 146
27 148
27 150
27 152
27 154
27 156
27 158
27 160
27 162
27 164
27 166
27 168
27 170
27 172
27 174
27 176
27 178
27 180
27 182
27 184
27 186
27 188
27 190
27 192
27 194
27 196
27 198
28 0
28 2
28 4
28 6
28 8
28 10
28 12
28 14
28 16
28 18
28 20
28 22
28 24
28 26
28 28
28 30
28 32
28 34
28 36
28 38
28 40
28 42
28 44
28 46
28 48
28 50
28 52
28 54
28 56
28 58
28 60
28 62
28 64
28 66
28 68
28 70
28 72
28 74
28 76
28 78
28 80
28 82
28 84
28 86
28 88
28 90
28 92
28 94
28 96
28 98
28 100
28 102
28 104
28 106
28 108
28 110
28 112
28 114
28 116
28 118
28 120
28 122
28 124
28 126
28 128
28 130
28 132
28 134
28 136
28 138
28 140
28 142
28 144
28 146
28 148
28 150
28 152
28 154
28 156
28 158
28 160
28 162
28 164
28 166
28 168
28 170
28 172
28 174
28 176
28 178
28 180
28 182
28 184
28 186
28 188
28 190
28 192
28 194
28 196
28 198
29 0
29 2
29 4
29 6
29 8
29 10
29 12
29 14
29 16
29 18
29 20
29 22
29 24
29 26
29 28
29 30
29 32
29 34
29 36
29 38
29 40
29 42
29 44
29 46
29 48
29 50
29 52
29 54
29 56
29 58
29 60
29 62
29 64
29 66
29 68
29 70
29 72
29 74
29 76
29 78
29 80
29 82
29 84
29 86
29 88
29 90
29 92
29 94
29 96
29 98
29 100
29 102
29 104
29 106
29 108
29 110
29 112
29 114
29 116
29 118
29 120
29 122
29 124
29 126
29 128
29 130
29 132
29 134
29 136
29 138
29 140
29 142
29 144
29 146
29 148
29 150
29 152
29 154
29 156
29 158
29 160
29 162
29 164
29 166
29 168
29 170
29 172
29 174
29 176
29 178
29 180
29 182
29 184
29 186
29 188
29 190
29 192
29 194
29 196
29 198
30 0
30 2
30 4
30 6
30 8
30 10
30 12
30 14
30 16
30 18
30 20
30 22
30 24
30 26
30 28
30 30
30 32
30 34
30 36
30 38
30 40
30 42
30 44
30 46
30 48
30 50
30 52
30 54
30 56
30 58
30 60
30 62
30 64
30 66
30 68
30 70
30 72
30 74
30 76
30 78
30 80
30 82
30 84
30 86
30 88
30 90
30 92
30 94
30 96
30 98
30 100
30 102
30 104
30 106
30 108
30 110
30 112
30 114
30 116
30 118
30 120
30 122
30 124
30 126
30 128
30 130
30 132
30 134
30 136
30 138
30 140
30 142
30 144
30 146
30 148
30 150
30 152
30 154
30 156
30 158
30 160
30 162
30 164
30 166
30 168
30 170
30 172
30 174
30 176
30 178
30 180
30 182
30 184
30 186
30 188
30 190
30 192
30 194
30 196
30 198
31 0
31 2
31 4
31 6
31 8
31 10
31 12
31 14
31 16
31 18
31 20
31 22
31 24
31 26
31 28
31 30
31 32
31 34
31 36
31 38
31 40
31 42
31 44
31 46
31 48
31 50
31 52
31 54
31 56
31 58
31 60
31 62
31 64
31 66
31 68
31 70
31 72
31 74
31 76
31 78
31 80
31 82
31 84
31 86
31 88
31 90
31 92
31 94
31 96
31 98
31 100
31 102
31 104
31 106
31 108
31 110
31 112
31 114
31 116
31 118
31 120
31 122
31 124
31 126
31 128
31 130
31 132
31 134
31 136
31 138
31 140
31 142
31 144
31 146
31 148
31 150
31 152
31 154
31 156
31 158
31 160
31 162
31 164
31 166
31 168
31 170
31 172
31 174
31 176
31 178
31 180
31 182
31 184
31 186
31 188
31 190
31 192
31 194
31 196
31 198
32 0
32 2
32 4
32 6
32 8
32 10
32 12
32 14
32 16
32 18
32 20
32 22
32 24
32 26
32 28
32 30
32 32
32 34
32 36
32 38
32 40
32 42
32 44
32 46
32 48
32 50
32 52
32 54
32 56
32 58
32 60
32 62
32 64
32 66
32 68
32 70
32 72
32 74
32 76
32 78
32 80
32 82
32 84
32 86
32 88
32 90
32 92
32 94
32 96
32 98
32 100
32 102
32 104
32 106
32 108
32 110
32 112
32 114
32 116
32 118
32 120
32 122
32 124
32 126
32 128
32 130
32 132
32 134
32 136
32 138
32 140
32 142
32 144
32 146
32 148
32 150
32 152
32 154
32 156
32 158
32 160
32 162
32 164
32 166
32 168
32 170
32 172
32 174
32 176
32 178
32 180
32 182
32 184
32 186
32 188
32 190
32 192
32 194
32 196
32 198
33 0
33 2
33 4
33 6
33 8
33 10
33 12
33 14
33 16
33 18
33 20
33 22
33 24
33 26
33 28
33 30
33 32
33 34
33 36
33 38
33 40
33 42
33 44
33 46
33 48
33 50
33 52
33 54
33 56
33 58
33 60
33 62
33 64
33 66
33 68
33 70
33 72
33 74
33 76
33 78
33 80
33 82
33 84
33 86
33 88
33 90
33 92
33 94
33 96
33 98
33 100
33 102
33 104
33 106
33 108
33 110
33 112
33 114
33 116
33 118
33 120
33 122
33 124
33 126
33 128
33 130
33 132
33 134
33 136
33 138
33 140
33 142
33 144
33 146
33 148
33 150
33 152
33 154
33 156
33 158
33 160
33 162
33 164
33 166
33 168
33 170
33 172
33 174
33 176
33 178
33 180
33 182
33 184
33 186
33 188
33 190
33 192
33 194
33 196
33 198
34 0
34 2
34 4
34 6
34 8
34 10
34 12
34 14
34 16
34 18
34 20
34 22
34 24
34 26
34 28
34 30
34 32
34 34
34 36
34 38
34 40
34 42
34 44
34 46
34 48
34 50
34 52
34 54
34 56
34 58
34 60
34 62
34 64
34 66
34 68
34 70
34 72
34 74
34 76
34 78
34 80
34 82
34 84
34 86
34 88
34 90
34 92
34 94
34 96
34 98
34 100
34 102
34 104
34 106
34 108
34 110
34 112
34 114
34 116
34 118
34 120
34 122
34 124
34 126
34 128
34 130
34 132
34 134
34 136
34 138
34 140
34 142
34 144
34 146
34 148
34 150
34 152
34 154
34 156
34 158
34 160
34 162
34 164
34 166
34 168
34 170
34 172
34 174
34 176
34 178
34 180
34 182
34 184
34 186
34 188
34 190
34 192
34 194
34 196
34 198
35 0
35 2
35 4
35 6
35 8
35 10
35 12
35 14
35 16
35 18
35 20
35 22
35 24
35 26
35 28
35 30
35 32
35 34
35 36
35 38
35 40
35 42
35 44
35 46
35 48
35 50
35 52
35 54
35 56
35 58
35 60
35 62
35 64
35 66
35 68
35 70
35 72
35 74
35 76
35 78
35 80
35 82
35 84
35 86
35 88
35 90
35 92
35 94
35 96
35 98
35 100
35 102
35 104
35 106
35 108
35 110
35 112
35 114
35 116
35 118
35 120
35 122
35 124
35 126
35 128
35 130
35 132
35 134
35 136
35 138
35 140
35 142
35 144
35 146
35 148
35 150
35 152
35 154
35 156
35 158
35 160
35 162
35 164
35 166
35 168
35 170
35 172
35 174
35 176
35 178
35 180
35 182
35 184
35 186
35 188
35 190
35 192
35 194
35 196
35 198
36 0
36 2
36 4
36 6
36 8
36 10
36 12
36 14
36 16
36 18
36 20
36 22
36 24
36 26
36 28
36 30
36 32
36 34
36 36
36 38
36 40
36 42
36 44
36 46
36 48
36 50
36 52
36 54
36 56
36 58
36 60
36 62
36 64
36 66
36 68
36 70
36 72
36 74
36 76
36 78
36 80
36 82
36 84
36 86
36 88
36 90
36 92
36 94
36 96
36 98
36 100
36 102
36 104
36 106
36 108
36 110
36 112
36 114
36 116
36 118
36 120
36 122
36 124
36 126
36 128
36 130
36 132
36 134
36 136
36 138
36 140
36 142
36 144
36 146
36 148
36 150
36 152
36 154
36 156
36 158
36 160
36 162
36 164
36 166
36 168
36 170
36 172
36 174
36 176
36 178
36 180
36 182
36 184
36 186
36 188
36 190
36 192
36 194
36 196
36 198
37 0
37 2
37 4
37 6
37 8
37 10
37 12
37 14
37 16
37 18
37 20
37 22
37 24
37 26
37 28
37 30
37 32
37 34
37 36
37 38
37 40
37 42
37 44
37 46
37 48
37 50
37 52
37 54
37 56
37 58
37 60
37 62
37 64
37 66
37 68
37 70
37 72
37 74
37 76
37 78
37 80
37 82
37 84
37 86
37 88
37 90
37 92
37 94
37 96
37 98
37 100
37 102
37 104
37 106
37 108
37 110
37 112
37 114
37 116
37 118
37 120
37 122
37 124
37 126
37 128
37 130
37 132
37 134
37 136
37 138
37 140
37 142
37 144
37 146
37 148
37 150
37 152
37 154
37 156
37 158
37 160
37 162
37 164
37 166
37 168
37 170
37 172
37 174
37 176
37 178
37 180
37 182
37 184
37 186
37 188
37 190
37 192
37 194
37 196
37 198
38 0
38 2
38 4
38 6
38 8
38 10
38 12
38 14
38 16
38 18
38 20
38 22
38 24
38 26
38 28
38 30
38 32
38 34
38 36
38 38
38 40
38 42
38 44
38 46
38 48
38 50
38 52
38 54
38 56
38 58
38 60
38 62
38 64
38 66
38 68
38 70
38 72
38 74
38 76
38 78
38 80
38 82
38 84
38 86
38 88
38 90
38 92
38 94
38 96
38 98
38 100
38 102
38 104
38 106
38 108
38 110
38 112
38 114
38 116
38 118
38 120
38 122
38 124
38 126
38 128
38 130
38 132
38 134
38 136
38 138
38 140
38 142
38 144
38 146
38 148
38 150
38 152
38 154
38 156
38 158
38 160
38 162
38 164
38 166
38 168
38 170
38 172
38 174
38 176
38 178
38 180
38 182
38 184
38 186
38 188
38 190
38 192
38 194
38 196
38 198
39 0
39 2
39 4
39 6
39 8
39 10
39 12
39 14
39 16
39 18
39 20
39 22
39 24
39 26
39 28
39 30
39 32
39 34
39 36
39 38
39 40
39 42
39 44
39 46
39 48
39 50
39 52
39 54
39 56
39 58
39 60
39 62
39 64
39 66
39 68
39 70
39 72
39 74
39 76
39 78
39 80
39 82
39 84
39 86
39 88
39 90
39 92
39 94
39 96
39 98
39 100
39 102
39 104
39 106
39 108
39 110
39 112
39 114
39 116
39 118
39 120
39 122
39 124
39 126
39 128
39 130
39 132
39 134
39 136
39 138
39 140
39 142
39 144
39 146
39 148
39 150
39 152
39 154
39 156
39 158
39 160
39 162
39 164
39 166
39 168
39 170
39 172
39 174
39 176
39 178
39 180
39 182
39 184
39 186
39 188
39 190
39 192
39 194
39 196
39 198
40 0
40 2
40 4
40 6
40 8
40 10
40 12
40 14
40 16
40 18
40 20
40 22
40 24
40 26
40 28
40 30
40 32
40 34
40 36
40 38
40 40
40 42
40 44
40 46
40 48
40 50
40 52
40 54
40 56
40 58
40 60
40 62
40 64
40 66
40 68
40 70
40 72
40 74
40 76
40 78
40 80
40 82
40 84
40 86
40 88
40 90
40 92
40 94
40 96
40 98
40 100
40 102
40 104
40 106
40 108
40 110
40 112
40 114
40 116
40 118
40 120
40 122
40 124
40 126
40 128
40 130
40 132
40 134
40 136
40 138
40 140
40 142
40 144
40 146
40 148
40 150
40 152
40 154
40 156
40 158
40 160
40 162
40 164
40 166
40 168
40 170
40 172
40 174
40 176
40 178
40 180
40 182
40 184
40 186
40 188
40 190
40 192
40 194
40 196
40 198
41 0
41 2
41 4
41 6
41 8
41 10
41 12
41 14
41 16
41 18
41 20
41 22
41 24
41 26
41 28
41 30
41 32
41 34
41 36
41 38
41 40
41 42
41 44
41 46
41 48
41 50
41 52
41 54
41 56
41 58
41 60
41 62
41 64
41 66
41 68
41 70
41 72
41 74
41 76
41 78
41 80
41 82
41 84
41 86
41 88
41 90
41 92
41 94
41 96
41 98
41 100
41 102
41 104
41 106
41 108
41 110
41 112
41 114
41 116
41 118
41 120
41 122
41 124
41 126
41 128
41 130
41 132
41 134
41 136
41 138
41 140
41 142
41 144
41 146
41 148
41 150
41 152
41 154
41 156
41 158
41 160
41 162
41 164
41 166
41 168
41 170
41 172
41 174
41 176
41 178
41 180
41 182
41 184
41 186
41 188
41 190
41 192
41 194
41 196
41 198
42 0
42 2
42 4
42 6
42 8
42 10
42 12
42 14
42 16
42 18
42 20
42 22
42 24
42 26
42 28
42 30
42 32
42 34
42 36
42 38
42 40
42 42
42 44
42 46
42 48
42 50
42 52
42 54
42 56
42 58
42 60
42 62
42 64
42 66
42 68
42 70
42 72
42 74
42 76
42 78
42 80
42 82
42 84
42 86
42 88
42 90
42 92
42 94
42 96
42 98
42 100
42 102
42 104
42 106
42 108
42 110
42 112
42 114
42 116
42 118
42 120
42 122
42 124
42 126
42 128
42 130
42 132
42 134
42 136
42 138
42 140
42 142
42 144
42 146
42 148
42 150
42 152
42 154
42 156
42 158
42 160
42 162
42 164
42 166
42 168
42 170
42 172
42 174
42 176
42 178
42 180
42 182
42 184
42 186
42 188
42 190
42 192
42 194
42 196
42 198
43 0
43 2
43 4
43 6
43 8
43 10
43 12
43 14
43 16
43 18
43 20
43 22
43 24
43 26
43 28
43 30
43 32
43 34
43 36
43 38
43 40
43 42
43 44
43 46
43 48
43 50
43 52
43 54
43 56
43 58
43 60
43 62
43 64
43 66
43 68
43 70
43 72
43 74
43 76
43 78
43 80
43 82
43 84
43 86
43 88
43 90
43 92
43 94
43 96
43 98
43 100
43 102
43 104
43 106
43 108
43 110
43 112
43 114
43 116
43 118
43 120
43 122
43 124
43 126
43 128
43 130
43 132
43 134
43 136
43 138
43 140
43 142
43 144
43 146
43 148
43 150
43 152
43 154
43 156
43 158
43 160
43 162
43 164
43 166
43 168
43 170
43 172
43 174
43 176
43 178
43 180
43 182
43 184
43 186
43 188
43 190
43 192
43 194
43 196
43 198
44 0
44 2
44 4
44 6
44 8
44 10
44 12
44 14
44 16
44 18
44 20
44 22
44 24
44 26
44 28
44 30
44 32
44 34
44 36
44 38
44 40
44 42
44 44
44 46
44 48
44 50
44 52
44 54
44 56
44 58
44 60
44 62
44 64
44 66
44 68
44 70
44 72
44 74
44 76
44 78
44 80
44 82
44 84
44 86
44 88
44 90
44 92
44 94
44 96
44 98
44 100
44 102
44 104
44 106
44 108
44 110
44 112
44 114
44 116
44 118
44 120
44 122
44 124
44 126
44 128
44 130
44 132
44 134
44 136
44 138
44 140
44 142
44 144
44 146
44 148
44 150
44 152
44 154
44 156
44 158
44 160
44 162
44 164
44 166
44 168
44 170
44 172
44 174
44 176
44 178
44 180
44 182
44 184
44 186
44 188
44 190
44 192
44 194
44 196
44 198
45 0
45 2
45 4
45 6
45 8
45 10
45 12
45 14
45 16
45 18
45 20
45 22
45 24
45 26
45 28
45 30
45 32
45 34
45 36
45 38
45 40
45 42
45 44
45 46
45 48
45 50
45 52
45 54
45 56
45 58
45 60
45 62
45 64
45 66
45 68
45 70
45 72
45 74
45 76
45 78
45 80
45 82
45 84
45 86
45 88
45 90
45 92
45 94
45 96
45 98
45 100
45 102
45 104
45 106
45 108
45 110
45 112
45 114
45 116
45 118
45 120
45 122
45 124
45 126
45 128
45 130
45 132
45 134
45 136
45 138
45 140
45 142
45 144
45 146
45 148
45 150
45 152
45 154
45 156
45 158
45 160
45 162
45 164
45 166
45 168
45 170
45 172
45 174
45 176
45 178
45 180
45 182
45 184
45 186
45 188
45 190
45 192
45 194
45 196
45 198
46 0
46 2
46 4
46 6
46 8
46 10
46 12
46 14
46 16
46 18
46 20
46 22
46 24
46 26
46 28
46 30
46 32
46 34
46 36
46 38
46 40
46 42
46 44
46 46
46 48
46 50
46 52
46 54
46 56
46 58
46 60
46 62
46 64
46 66
46 68
46 70
46 72
46 74
46 76
46 78
46 80
46 82
46 84
46 86
46 88
46 90
46 92
46 94
46 96
46 98
46 100
46 102
46 104
46 106
46 108
46 110
46 112
46 114
46 116
46 118
46 120
46 122
46 124
46 126
46 128
46 130
46 132
46 134
46 136
46 138
46 140
46 142
46 144
46 146
46 148
46 150
46 152
46 154
46 156
46 158
46 160
46 162
46 164
46 166
46 168
46 170
46 172
46 174
46 176
46 178
46 180
46 182
46 184
46 186
46 188
46 190
46 192
46 194
46 196
46 198
47 0
47 2
47 4
47 6
47 8
47 10
47 12
47 14
47 16
47 18
47 20
47 22
47 24
47 26
47 28
47 30
47 32
47 34
47 36
47 38
47 40
47 42
47 44
47 46
47 48
47 50
47 52
47 54
47 56
47 58
47 60
47 62
47 64
47 66
47 68
47 70
47 72
47 74
47 76
47 78
47 80
47 82
47 84
47 86
47 88
47 90
47 92
47 94
47 96
47 98
47 100
47 102
47 104
47 106
47 108
47 110
47 112
47 114
47 116
47 118
47 120
47 122
47 124
47 126
47 128
47 130
47 132
47 134
47 136
47 138
47 140
47 142
47 144
47 146
47 148
47 150
47 152
47 154
47 156
47 158
47 160
47 162
47 164
47 166
47 168
47 170
47 172
47 174
47 176
47 178
47 180
47 182
47 184
47 186
47 188
47 190
47 192
47 194
47 196
47 198
48 0
48 2
48 4
48 6
48 8
48 10
48 12
48 14
48 16
48 18
48 20
48 22
48 24
48 26
48 28
48 30
48 32
48 34
48 36
48 38
48 40
48 42
48 44
48 46
48 48
48 50
48 52
48 54
48 56
48 58
48 60
48 62
48 64
48 66
48 68
48 70
48 72
48 74
48 76
48 78
48 80
48 82
48 84
48 86
48 88
48 90
48 92
48 94
48 96
48 98
48 100
48 102
48 104
48 106
48 108
48 110
48 112
48 114
48 116
48 118
48 120
48 122
48 124
48 126
48 128
48 130
48 132
48 134
48 136
48 138
48 140
48 142
48 144
48 146
48 148
48 150
48 152
48 154
48 156
48 158
48 160
48 162
48 164
48 166
48 168
48 170
48 172
48 174
48 176
48 178
48 180
48 182
48 184
48 186
48 188
48 190
48 192
48 194
48 196
48 198
49 0
49 2
49 4
49 6
49 8
49 10
49 12
49 14
49 16
49 18
49 20
49 22
49 24
49 26
49 28
49 30
49 32
49 34
49 36
49 38
49 40
49 42
49 44
49 46
49 48
49 50
49 52
49 54
49 56
49 58
49 60
49 62
49 64
49 66
49 68
49 70
49 72
49 74
49 76
49 78
49 80
49 82
49 84
49 86
49 88
49 90
49 92
49 94
49 96
49 98
49 100
49 102
49 104
49 106
49 108
49 110
49 112
49 114
49 116
49 118
49 120
49 122
49 124
49 126
49 128
49 130
49 132
49 134
49 136
49 138
49 140
49 142
49 144
49 146
49 148
49 150
49 152
49 154
49 156
49 158
49 160
49 162
49 164
49 166
49 168
49 170
49 172
49 174
49 176
49 178
49 180
49 182
49 184
49 186
49 188
49 190
49 192
49 194
49 196
49 198
50 0
50 2
50 4
50 6
50 8
50 10
50 12
50 14
50 16
50 18
50 20
50 22
50 24
50 26
50 28
50 30
50 32
50 34
50 36
50 38
50 40
50 42
50 44
50 46
50 48
50 50
50 52
50 54
50 56
50 58
50 60
50 62
50 64
50 66
50 68
50 70
50 72
50 74
50 76
50 78
50 80
50 82
50 84
50 86
50 88
50 90
50 92
50 94
50 96
50 98
50 100
50 102
50 104
50 106
50 108
50 110
50 112
50 114
50 116
50 118
50 120
50 122
50 124
50 126
50 128
50 130
50 132
50 134
50 136
50 138
50 140
50 142
50 144
50 146
50 148
50 150
50 152
50 154
50 156
50 158
50 160
50 162
50 164
50 166
50 168
50 170
50 172
50 174
50 176
50 178
50 180
50 182
50 184
50 186
50 188
50 190
50 192
50 194
50 196
50 198
51 0
51 2
51 4
51 6
51 8
51 10
51 12
51 14
51 16
51 18
51 20
51 22
51 24
51 26
51 28
51 30
51 32
51 34
51 36
51 38
51 40
51 42
51 44
51 46
51 48
51 50
51 52
51 54
51 56
51 58
51 60
51 62
51 64
51 66
51 68
51 70
51 72
51 74
51 76
51 78
51 80
51 82
51 84
51 86
51 88
51 90
51 92
51 94
51 96
51 98
51 100
51 102
51 104
51 106
51 108
51 110
51 112
51 114
51 116
51 118
51 120
51 122
51 124
51 126
51 128
51 130
51 132
51 134
51 136
51 138
51 140
51 142
51 144
51 146
51 148
51 150
51 152
51 154
51 156
51 158
51 160
51 162
51 164
51 166
51 168
51 170
51 172
51 174
51 176
51 178
51 180
51 182
51 184
51 186
51 188
51 190
51 192
51 194
51 196
51 198
52 0
52 2
52 4
52 6
52 8
52 10
52 12
52 14
52 16
52 18
52 20
52 22
52 24
52 26
52 28
52 30
52 32
52 34
52 36
52 38
52 40
52 42
52 44
52 46
52 48
52 50
52 52
52 54
52 56
52 58
52 60
52 62
52 64
52 66
52 68
52 70
52 72
52 74
52 76
52 78
52 80
52 82
52 84
52 86
52 88
52 90
52 92
52 94
52 96
52 98
52 100
52 102
52 104
52 106
52 108
52 110
52 112
52 114
52 116
52 118
52 120
52 122
52 124
52 126
52 128
52 130
52 132
52 134
52 136
52 138
52 140
52 142
52 144
52 146
52 148
52 150
52 152
52 154
52 156
52 158
52 160
52 162
52 164
52 166
52 168
52 170
52 172
52 174
52 176
52 178
52 180
52 182
52 184
52 186
52 188
52 190
52 192
52 194
52 196
52 198
53 0
53 2
53 4
53 6
53 8
53 10
53 12
53 14
53 16
53 18
53 20
53 22
53 24
53 26
53 28
53 30
53 32
53 34
53 36
53 38
53 40
53 42
53 44
53 46
53 48
53 50
53 52
53 54
53 56
53 58
53 60
53 62
53 64
53 66
53 68
53 70
53 72
53 74
53 76
53 78
53 80
53 82
53 84
53 86
53 88
53 90
53 92
53 94
53 96
53 98
53 100
53 102
53 104
53 106
53 108
53 110
53 112
53 114
53 116
53 118
53 120
53 122
53 124
53 126
53 128
53 130
53 132
53 134
53 136
53 138
53 140
53 142
53 144
53 146
53 148
53 150
53 152
53 154
53 156
53 158
53 160
53 162
53 164
53 166
53 168
53 170
53 172
53 174
53 176
53 178
53 180
53 182
53 184
53 186
53 188
53 190
53 192
53 194
53 196
53 198
54 0
54 2
54 4
54 6
54 8
54 10
54 12
54 14
54 16
54 18
54 20
54 22
54 24
54 26
54 28
54 30
54 32
54 34
54 36
54 38
54 40
54 42
54 44
54 46
54 48
54 50
54 52
54 54
54 56
54 58
54 60
54 62
54 64
54 66
54 68
54 70
54 72
54 74
54 76
54 78
54 80
54 82
54 84
54 86
54 88
54 90
54 92
54 94
54 96
54 98
54 100
54 102
54 104
54 106
54 108
54 110
54 112
54 114
54 116
54 118
54 120
54 122
54 124
54 126
54 128
54 130
54 132
54 134
54 136
54 138
54 140
54 142
54 144
54 146
54 148
54 150
54 152
54 154
54 156
54 158
54 160
54 162
54 164
54 166
54 168
54 170
54 172
54 174
54 176
54 178
54 180
54 182
54 184
54 186
54 188
54 190
54 192
54 194
54 196
54 198
55 0
55 2
55 4
55 6
55 8
55 10
55 12
55 14
55 16
55 18
55 20
55 22
55 24
55 26
55 28
55 30
55 32
55 34
55 36
55 38
55 40
55 42
55 44
55 46
55 48
55 50
55 52
55 54
55 56
55 58
55 60
55 62
55 64
55 66
55 68
55 70
55 72
55 74
55 76
55 78
55 80
55 82
55 84
55 86
55 88
55 90
55 92
55 94
55 96
55 98
55 100
55 102
55 104
55 106
55 108
55 110
55 112
55 114
55 116
55 118
55 120
55 122
55 124
55 126
55 128
55 130
55 132
55 134
55 136
55 138
55 140
55 142
55 144
55 146
55 148
55 150
55 152
55 154
55 156
55 158
55 160
55 162
55 164
55 166
55 168
55 170
55 172
55 174
55 176
55 178
55 180
55 182
55 184
55 186
55 188
55 190
55 192
55 194
55 196
55 198
56 0
56 2
56 4
56 6
56 8
56 10
56 12
56 14
56 16
56 18
56 20
56 22
56 24
56 26
56 28
56 30
56 32
56 34
56 36
56 38
56 40
56 42
56 44
56 46
56 48
56 50
56 52
56 54
56 56
56 58
56 60
56 62
56 64
56 66
56 68
56 70
56 72
56 74
56 76
56 78
56 80
56 82
56 84
56 86
56 88
56 90
56 92
56 94
56 96
56 98
56 100
56 102
56 104
56 106
56 108
56 110
56 112
56 114
56 116
56 118
56 120
56 122
56 124
56 126
56 128
56 130
56 132
56 134
56 136
56 138
56 140
56 142
56 144
56 146
56 148
56 150
56 152
56 154
56 156
56 158
56 160
56 162
56 164
56 166
56 168
56 170
56 172
56 174
56 176
56 178
56 180
56 182
56 184
56 186
56 188
56 190
56 192
56 194
56 196
56 198
57 0
57 2
57 4
57 6
57 8
57 10
57 12
57 14
57 16
57 18
57 20
57 22
57 24
57 26
57 28
57 30
57 32
57 34
57 36
57 38
57 40
57 42
57 44
57 46
57 48
57 50
57 52
57 54
57 56
57 58
57 60
57 62
57 64
57 66
57 68
57 70
57 72
57 74
57 76
57 78
57 80
57 82
57 84
57 86
57 88
57 90
57 92
57 94
57 96
57 98
57 100
57 102
57 104
57 106
57 108
57 110
57 112
57 114
57 116
57 118
57 120
57 122
57 124
57 126
57 128
57 130
57 132
57 134
57 136
57 138
57 140
57 142
57 144
57 146
57 148
57 150
57 152
57 154
57 156
57 158
57 160
57 162
57 164
57 166
57 168
57 170
57 172
57 174
57 176
57 178
57 180
57 182
57 184
57 186
57 188
57 190
57 192
57 194
57 196
57 198
58 0
58 2
58 4
58 6
58 8
58 10
58 12
58 14
58 16
58 18
58 20
58 22
58 24
58 26
58 28
58 30
58 32
58 34
58 36
58 38
58 40
58 42
58 44
58 46
58 48
58 50
58 52
58 54
58 56
58 58
58 60
58 62
58 64
58 66
58 68
58 70
58 72
58 74
58 76
58 78
58 80
58 82
58 84
58 86
58 88
58 90
58 92
58 94
58 96
58 98
58 100
58 102
58 104
58 106
58 108
58 110
58 112
58 114
58 116
58 118
58 120
58 122
58 124
58 126
58 128
58 130
58 132
58 134
58 136
58 138
58 140
58 142
58 144
58 146
58 148
58 150
58 152
58 154
58 156
58 158
58 160
58 162
58 164
58 166
58 168
58 170
58 172
58 174
58 176
58 178
58 180
58 182
58 184
58 186
58 188
58 190
58 192
58 194
58 196
58 198
59 0
59 2
59 4
59 6
59 8
59 10
59 12
59 14
59 16
59 18
59 20
59 22
59 24
59 26
59 28
59 30
59 32
59 34
59 36
59 38
59 40
59 42
59 44
59 46
59 48
59 50
59 52
59 54
59 56
59 58
59 60
59 62
59 64
59 66
59 68
59 70
59 72
59 74
59 76
59 78
59 80
59 82
59 84
59 86
59 88
59 90
59 92
59 94
59 96
59 98
59 100
59 102
59 104
59 106
59 108
59 110
59 112
59 114
59 116
59 118
59 120
59 122
59 124
59 126
59 128
59 130
59 132
59 134
59 136
59 138
59 140
59 142
59 144
59 146
59 148
59 150
59 152
59 154
59 156
59 158
59 160
59 162
59 164
59 166
59 168
59 170
59 172
59 174
59 176
59 178
59 180
59 182
59 184
59 186
59 188
59 190
59 192
59 194
59 196
59 198
60 0
60 2
60 4
60 6
60 8
60 10
60 12
60 14
60 16
60 18
60 20
60 22
60 24
60 26
60 28
60 30
60 32
60 34
60 36
60 38
60 40
60 42
60 44
60 46
60 48
60 50
60 52
60 54
60 56
60 58
60 60
60 62
60 64
60 66
60 68
60 70
60 72
60 74
60 76
60 78
60 80
60 82
60 84
60 86
60 88
60 90
60 92
60 94
60 96
60 98
60 100
60 102
60 104
60 106
60 108
60 110
60 112
60 114
60 116
60 118
60 120
60 122
60 124
60 126
60 128
60 130
60 132
60 134
60 136
60 138
60 140
60 142
60 144
60 146
60 148
60 150
60 152
60 154
60 156
60 158
60 160
60 162
60 164
60 166
60 168
60 170
60 172
60 174
60 176
60 178
60 180
60 182
60 184
60 186
60 188
60 190
60 192
60 194
60 196
60 198
61 0
61 2
61 4
61 6
61 8
61 10
61 12
61 14
61 16
61 18
61 20
61 22
61 24
61 26
61 28
61 30
61 32
61 34
61 36
61 38
61 40
61 42
61 44
61 46
61 48
61 50
61 52
61 54
61 56
61 58
61 60
61 62
61 64
61 66
61 68
61 70
61 72
61 74
61 76
61 78
61 80
61 82
61 84
61 86
61 88
61 90
61 92
61 94
61 96
61 98
61 100
61 102
61 104
61 106
61 108
61 110
61 112
61 114
61 116
61 118
61 120
61 122
61 124
61 126
61 128
61 130
61 132
61 134
61 136
61 138
61 140
61 142
61 144
61 146
61 148
61 150
61 152
61 154
61 156
61 158
61 160
61 162
61 164
61 166
61 168
61 170
61 172
61 174
61 176
61 178
61 180
61 182
61 184
61 186
61 188
61 190
61 192
61 194
61 196
61 198
62 0
62 2
62 4
62 6
62 8
62 10
62 12
62 14
62 16
62 18
62 20
62 22
62 24
62 26
62 28
62 30
62 32
62 34
62 36
62 38
62 40
62 42
62 44
62 46
62 48
62 50
62 52
62 54
62 56
62 58
62 60
62 62
62 64
62 66
62 68
62 70
62 72
62 74
62 76
62 78
62 80
62 82
62 84
62 86
62 88
62 90
62 92
62 94
62 96
62 98
62 100
62 102
62 104
62 106
62 108
62 110
62 112
62 114
62 116
62 118
62 120
62 122
62 124
62 126
62 128
62 130
62 132
62 134
62 136
62 138
62 140
62 142
62 144
62 146
62 148
62 150
62 152
62 154
62 156
62 158
62 160
62 162
62 164
62 166
62 168
62 170
62 172
62 174
62 176
62 178
62 180
62 182
62 184
62 186
62 188
62 190
62 192
62 194
62 196
62 198
63 0
63 2
63 4
63 6
63 8
63 10
63 12
63 14
63 16
63 18
63 20
63 22
63 24
63 26
63 28
63 30
63 32
63 34
63 36
63 38
63 40
63 42
63 44
63 46
63 48
63 50
63 52
63 54
63 56
63 58
63 60
63 62
63 64
63 66
63 68
63 70
63 72
63 74
63 76
63 78
63 80
63 82
63 84
63 86
63 88
63 90
63 92
63 94
63 96
63 98
63 100
63 102
63 104
63 106
63 108
63 110
63 112
63 114
63 116
63 118
63 120
63 122
63 124
63 126
63 128
63 130
63 132
63 134
63 136
63 138
63 140
63 142
63 144
63 146
63 148
63 150
63 152
63 154
63 156
63 158
63 160
63 162
63 164
63 166
63 168
63 170
63 172
63 174
63 176
63 178
63 180
63 182
63 184
63 186
63 188
63 190
63 192
63 194
63 196
63 198
64 0
64 2
64 4
64 6
64 8
64 10
64 12
64 14
64 16
64 18
64 20
64 22
64 24
64 26
64 28
64 30
64 32
64 34
64 36
64 38
64 40
64 42
64 44
64 46
64 48
64 50
64 52
64 54
64 56
64 58
64 60
64 62
64 64
64 66
64 68
64 70
64 72
64 74
64 76
64 78
64 80
64 82
64 84
64 86
64 88
64 90
64 92
64 94
64 96
64 98
64 100
64 102
64 104
64 106
64 108
64 110
64 112
64 114
64 116
64 118
64 120
64 122
64 124
64 126
64 128
64 130
64 132
64 134
64 136
64 138
64 140
64 142
64 144
64 146
64 148
64 150
64 152
64 154
64 156
64 158
64 160
64 162
64 164
64 166
64 168
64 170
64 172
64 174
64 176
64 178
64 180
64 182
64 184
64 186
64 188
64 190
64 192
64 194
64 196
64 198
65 0
65 2
65 4
65 6
65 8
65 10
65 12
65 14
65 16
65 18
65 20
65 22
65 24
65 26
65 28
65 30
65 32
65 34
65 36
65 38
65 40
65 42
65 44
65 46
65 48
65 50
65 52
65 54
65 56
65 58
65 60
65 62
65 64
65 66
65 68
65 70
65 72
65 74
65 76
65 78
65 80
65 82
65 84
65 86
65 88
65 90
65 92
65 94
65 96
65 98
65 100
65 102
65 104
65 106
65 108
65 110
65 112
65 114
65 116
65 118
65 120
65 122
65 124
65 126
65 128
65 130
65 132
65 134
65 136
65 138
65 140
65 142
65 144
65 146
65 148
65 150
65 152
65 154
65 156
65 158
65 160
65 162
65 164
65 166
65 168
65 170
65 172
65 174
65 176
65 178
65 180
65 182
65 184
65 186
65 188
65 190
65 192
65 194
65 196
65 198
66 0
66 2
66 4
66 6
66 8
66 10
66 12
66 14
66 16
66 18
66 20
66 22
66 24
66 26
66 28
66 30
66 32
66 34
66 36
66 38
66 40
66 42
66 44
66 46
66 48
66 50
66 52
66 54
66 56
66 58
66 60
66 62
66 64
66 66
66 68
66 70
66 72
66 74
66 76
66 78
66 80
66 82
66 84
66 86
66 88
66 90
66 92
66 94
66 96
66 98
66 100
66 102
66 104
66 106
66 108
66 110
66 112
66 114
66 116
66 118
66 120
66 122
66 124
66 126
66 128
66 130
66 132
66 134
66 136
66 138
66 140
66 142
66 144
66 146
66 148
66 150
66 152
66 154
66 156
66 158
66 160
66 162
66 164
66 166
66 168
66 170
66 172
66 174
66 176
66 178
66 180
66 182
66 184
66 186
66 188
66 190
66 192
66 194
66 196
66 198
67 0
67 2
67 4
67 6
67 8
67 10
67 12
67 14
67 16
67 18
67 20
67 22
67 24
67 26
67 28
67 30
67 32
67 34
67 36
67 38
67 40
67 42
67 44
67 46
67 48
67 50
67 52
67 54
67 56
67 58
67 60
67 62
67 64
67 66
67 68
67 70
67 72
67 74
67 76
67 78
67 80
67 82
67 84
67 86
67 88
67 90
67 92
67 94
67 96
67 98
67 100
67 102
67 104
67 106
67 108
67 110
67 112
67 114
67 116
67 118
67 120
67 122
67 124
67 126
67 128
67 130
67 132
67 134
67 136
67 138
67 140
67 142
67 144
67 146
67 148
67 150
67 152
67 154
67 156
67 158
67 160
67 162
67 164
67 166
67 168
67 170
67 172
67 174
67 176
67 178
67 180
67 182
67 184
67 186
67 188
67 190
67 192
67 194
67 196
67 198
68 0
68 2
68 4
68 6
68 8
68 10
68 12
68 14
68 16
68 18
68 20
68 22
68 24
68 26
68 28
68 30
68 32
68 34
68 36
68 38
68 40
68 42
68 44
68 46
68 48
68 50
68 52
68 54
68 56
68 58
68 60
68 62
68 64
68 66
68 68
68 70
68 72
68 74
68 76
68 78
68 80
68 82
68 84
68 86
68 88
68 90
68 92
68 94
68 96
68 98
68 100
68 102
68 104
68 106
68 108
68 110
68 112
68 114
68 116
68 118
68 120
68 122
68 124
68 126
68 128
68 130
68 132
68 134
68 136
68 138
68 140
68 142
68 144
68 146
68 148
68 150
68 152
68 154
68 156
68 158
68 160
68 162
68 164
68 166
68 168
68 170
68 172
68 174
68 176
68 178
68 180
68 182
68 184
68 186
68 188
68 190
68 192
68 194
68 196
68 198
69 0
69 2
69 4
69 6
69 8
69 10
69 12
69 14
69 16
69 18
69 20
69 22
69 24
69 26
69 28
69 30
69 32
69 34
69 36
69 38
69 40
69 42
69 44
69 46
69 48
69 50
69 52
69 54
69 56
69 58
69 60
69 62
69 64
69 66
69 68
69 70
69 72
69 74
69 76
69 78
69 80
69 82
69 84
69 86
69 88
69 90
69 92
69 94
69 96
69 98
69 100
69 102
69 104
69 106
69 108
69 110
69 112
69 114
69 116
69 118
69 120
69 122
69 124
69 126
69 128
69 130
69 132
69 134
69 136
69 138
69 140
69 142
69 144
69 146
69 148
69 150
69 152
69 154
69 156
69 158
69 160
69 162
69 164
69 166
69 168
69 170
69 172
69 174
69 176
69 178
69 180
69 182
69 184
69 186
69 188
69 190
69 192
69 194
69 196
69 198
70 0
70 2
70 4
70 6
70 8
70 10
70 12
70 14
70 16
70 18
70 20
70 22
70 24
70 26
70 28
70 30
70 32
70 34
70 36
70 38
70 40
70 42
70 44
70 46
70 48
70 50
70 52
70 54
70 56
70 58
70 60
70 62
70 64
70 66
70 68
70 70
70 72
70 74
70 76
70 78
70 80
70 82
70 84
70 86
70 88
70 90
70 92
70 94
70 96
70 98
70 100
70 102
70 104
70 106
70 108
70 110
70 112
70 114
70 116
70 118
70 120
70 122
70 124
70 126
70 128
70 130
70 132
70 134
70 136
70 138
70 140
70 142
70 144
70 146
70 148
70 150
70 152
70 154
70 156
70 158
70 160
70 162
70 164
70 166
70 168
70 170
70 172
70 174
70 176
70 178
70 180
70 182
70 184
70 186
70 188
70 190
70 192
70 194
70 196
70 198
71 0
71 2
71 4
71 6
71 8
71 10
71 12
71 14
71 16
71 18
71 20
71 22
71 24
71 26
71 28
71 30
71 32
71 34
71 36
71 38
71 40
71 42
71 44
71 46
71 48
71 50
71 52
71 54
71 56
71 58
71 60
71 62
71 64
71 66
71 68
71 70
71 72
71 74
71 76
71 78
71 80
71 82
71 84
71 86
71 88
71 90
71 92
71 94
71 96
71 98
71 100
71 102
71 104
71 106
71 108
71 110
71 112
71 114
71 116
71 118
71 120
71 122
71 124
71 126
71 128
71 130
71 132
71 134
71 136
71 138
71 140
71 142
71 144
71 146
71 148
71 150
71 152
71 154
71 156
71 158
71 160
71 162
71 164
71 166
71 168
71 170
71 172
71 174
71 176
71 178
71 180
71 182
71 184
71 186
71 188
71 190
71 192
71 194
71 196
71 198
72 0
72 2
72 4
72 6
72 8
72 10
72 12
72 14
72 16
72 18
72 20
72 22
72 24
72 26
72 28
72 30
72 32
72 34
72 36
72 38
72 40
72 42
72 44
72 46
72 48
72 50
72 52
72 54
72 56
72 58
72 60
72 62
72 64
72 66
72 68
72 70
72 72
72 74
72 76
72 78
72 80
72 82
72 84
72 86
72 88
72 90
72 92
72 94
72 96
72 98
72 100
72 102
72 104
72 106
72 108
72 110
72 112
72 114
72 116
72 118
72 120
72 122
72 124
72 126
72 128
72 130
72 132
72 134
72 136
72 138
72 140
72 142
72 144
72 146
72 148
72 150
72 152
72 154
72 156
72 158
72 160
72 162
72 164
72 166
72 168
72 170
72 172
72 174
72 176
72 178
72 180
72 182
72 184
72 186
72 188
72 190
72 192
72 194
72 196
72 198
73 0
73 2
73 4
73 6
73 8
73 10
73 12
73 14
73 16
73 18
73 20
73 22
73 24
73 26
73 28
73 30
73 32
73 34
73 36
73 38
73 40
73 42
73 44
73 46
73 48
73 50
73 52
73 54
73 56
73 58
73 60
73 62
73 64
73 66
73 68
73 70
73 72
73 74
73 76
73 78
73 80
73 82
73 84
73 86
73 88
73 90
73 92
73 94
73 96
73 98
73 100
73 102
73 104
73 106
73 108
73 110
73 112
73 114
73 116
73 118
73 120
73 122
73 124
73 126
73 128
73 130
73 132
73 134
73 136
73 138
73 140
73 142
73 144
73 146
73 148
73 150
73 152
73 154
73 156
73 158
73 160
73 162
73 164
73 166
73 168
73 170
73 172
73 174
73 176
73 178
73 180
73 182
73 184
73 186
73 188
73 190
73 192
73 194
73 196
73 198
74 0
74 2
74 4
74 6
74 8
74 10
74 12
74 14
74 16
74 18
74 20
74 22
74 24
74 26
74 28
74 30
74 32
74 34
74 36
74 38
74 40
74 42
74 44
74 46
74 48
74 50
74 52
74 54
74 56
74 58
74 60
74 62
74 64
74 66
74 68
74 70
74 72
74 74
74 76
74 78
74 80
74 82
74 84
74 86
74 88
74 90
74 92
74 94
74 96
74 98
74 100
74 102
74 104
74 106
74 108
74 110
74 112
74 114
74 116
74 118
74 120
74 122
74 124
74 126
74 128
74 130
74 132
74 134
74 136
74 138
74 140
74 142
74 144
74 146
74 148
74 150
74 152
74 154
74 156
74 158
74 160
74 162
74 164
74 166
74 168
74 170
74 172
74 174
74 176
74 178
74 180
74 182
74 184
74 186
74 188
74 190
74 192
74 194
74 196
74 198
75 0
75 2
75 4
75 6
75 8
75 10
75 12
75 14
75 16
75 18
75 20
75 22
75 24
75 26
75 28
75 30
75 32
75 34
75 36
75 38
75 40
75 42
75 44
75 46
75 48
75 50
75 52
75 54
75 56
75 58
75 60
75 62
75 64
75 66
75 68
75 70
75 72
75 74
75 76
75 78
75 80
75 82
75 84
75 86
75 88
75 90
75 92
75 94
75 96
75 98
75 100
75 102
75 104
75 106
75 108
75 110
75 112
75 114
75 116
75 118
75 120
75 122
75 124
75 126
75 128
75 130
75 132
75 134
75 136
75 138
75 140
75 142
75 144
75 146
75 148
75 150
75 152
75 154
75 156
75 158
75 160
75 162
75 164
75 166
75 168
75 170
75 172
75 174
75 176
75 178
75 180
75 182
75 184
75 186
75 188
75 190
75 192
75 194
75 196
75 198
76 0
76 2
76 4
76 6
76 8
76 10
76 12
76 14
76 16
76 18
76 20
76 22
76 24
76 26
76 28
76 30
76 32
76 34
76 36
76 38
76 40
76 42
76 44
76 46
76 48
76 50
76 52
76 54
76 56
76 58
76 60
76 62
76 64
76 66
76 68
76 70
76 72
76 74
76 76
76 78
76 80
76 82
76 84
76 86
76 88
76 90
76 92
76 94
76 96
76 98
76 100
76 102
76 104
76 106
76 108
76 110
76 112
76 114
76 116
76 118
76 120
76 122
76 124
76 126
76 128
76 130
76 132
76 134
76 136
76 138
76 140
76 142
76 144
76 146
76 148
76 150
76 152
76 154
76 156
76 158
76 160
76 162
76 164
76 166
76 168
76 170
76 172
76 174
76 176
76 178
76 180
76 182
76 184
76 186
76 188
76 190
76 192
76 194
76 196
76 198
77 0
77 2
77 4
77 6
77 8
77 10
77 12
77 14
77 16
77 18
77 20
77 22
77 24
77 26
77 28
77 30
77 32
77 34
77 36
77 38
77 40
77 42
77 44
77 46
77 48
77 50
77 52
77 54
77 56
77 58
77 60
77 62
77 64
77 66
77 68
77 70
77 72
77 74
77 76
77 78
77 80
77 82
77 84
77 86
77 88
77 90
77 92
77 94
77 96
77 98
77 100
77 102
77 104
77 106
77 108
77 110
77 112
77 114
77 116
77 118
77 120
77 122
77 124
77 126
77 128
77 130
77 132
77 134
77 136
77 138
77 140
77 142
77 144
77 146
77 148
77 150
77 152
77 154
77 156
77 158
77 160
77 162
77 164
77 166
77 168
77 170
77 172
77 174
77 176
77 178
77 180
77 182
77 184
77 186
77 188
77 190
77 192
77 194
77 196
77 198
78 0
78 2
78 4
78 6
78 8
78 10
78 12
78 14
78 16
78 18
78 20
78 22
78 24
78 26
78 28
78 30
78 32
78 34
78 36
78 38
78 40
78 42
78 44
78 46
78 48
78 50
78 52
78 54
78 56
78 58
78 60
78 62
78 64
78 66
78 68
78 70
78 72
78 74
78 76
78 78
78 80
78 82
78 84
78 86
78 88
78 90
78 92
78 94
78 96
78 98
78 100
78 102
78 104
78 106
78 108
78 110
78 112
78 114
78 116
78 118
78 120
78 122
78 124
78 126
78 128
78 130
78 132
78 134
78 136
78 138
78 140
78 142
78 144
78 146
78 148
78 150
78 152
78 154
78 156
78 158
78 160
78 162
78 164
78 166
78 168
78 170
78 172
78 174
78 176
78 178
78 180
78 182
78 184
78 186
78 188
78 190
78 192
78 194
78 196
78 198
79 0
79 2
79 4
79 6
79 8
79 10
79 12
79 14
79 16
79 18
79 20
79 22
79 24
79 26
79 28
79 30
79 32
79 34
79 36
79 38
79 40
79 42
79 44
79 46
79 48
79 50
79 52
79 54
79 56
79 58
79 60
79 62
79 64
79 66
79 68
79 70
79 72
79 74
79 76
79 78
79 80
79 82
79 84
79 86
79 88
79 90
79 92
79 94
79 96
79 98
79 100
79 102
79 104
79 106
79 108
79 110
79 112
79 114
79 116
79 118
79 120
79 122
79 124
79 126
79 128
79 130
79 132
79 134
79 136
79 138
79 140
79 142
79 144
79 146
79 148
79 150
79 152
79 154
79 156
79 158
79 160
79 162
79 164
79 166
79 168
79 170
79 172
79 174
79 176
79 178
79 180
79 182
79 184
79 186
79 188
79 190
79 192
79 194
79 196
79 198
80 0
80 2
80 4
80 6
80 8
80 10
80 12
80 14
80 16
80 18
80 20
80 22
80 24
80 26
80 28
80 30
80 32
80 34
80 36
80 38
80 40
80 42
80 44
80 46
80 48
80 50
80 52
80 54
80 56
80 58
80 60
80 62
80 64
80 66
80 68
80 70
80 72
80 74
80 76
80 78
80 80
80 82
80 84
80 86
80 88
80 90
80 92
80 94
80 96
80 98
80 100
80 102
80 104
80 106
80 108
80 110
80 112
80 114
80 116
80 118
80 120
80 122
80 124
80 126
80 128
80 130
80 132
80 134
80 136
80 138
80 140
80 142
80 144
80 146
80 148
80 150
80 152
80 154
80 156
80 158
80 160
80 162
80 164
80 166
80 168
80 170
80 172
80 174
80 176
80 178
80 180
80 182
80 184
80 186
80 188
80 190
80 192
80 194
80 196
80 198
81 0
81 2
81 4
81 6
81 8
81 10
81 12
81 14
81 16
81 18
81 20
81 22
81 24
81 26
81 28
81 30
81 32
81 34
81 36
81 38
81 40
81 42
81 44
81 46
81 48
81 50
81 52
81 54
81 56
81 58
81 60
81 62
81 64
81 66
81 68
81 70
81 72
81 74
81 76
81 78
81 80
81 82
81 84
81 86
81 88
81 90
81 92
81 94
81 96
81 98
81 100
81 102
81 104
81 106
81 108
81 110
81 112
81 114
81 116
81 118
81 120
81 122
81 124
81 126
81 128
81 130
81 132
81 134
81 136
81 138
81 140
81 142
81 144
81 146
81 148
81 150
81 152
81 154
81 156
81 158
81 160
81 162
81 164
81 166
81 168
81 170
81 172
81 174
81 176
81 178
81 180
81 182
81 184
81 186
81 188
81 190
81 192
81 194
81 196
81 198
82 0
82 2
82 4
82 6
82 8
82 10
82 12
82 14
82 16
82 18
82 20
82 22
82 24
82 26
82 28
82 30
82 32
82 34
82 36
82 38
82 40
82 42
82 44
82 46
82 48
82 50
82 52
82 54
82 56
82 58
82 60
82 62
82 64
82 66
82 68
82 70
82 72
82 74
82 76
82 78
82 80
82 82
82 84
82 86
82 88
82 90
82 92
82 94
82 96
82 98
82 100
82 102
82 104
82 106
82 108
82 110
82 112
82 114
82 116
82 118
82 120
82 122
82 124
82 126
82 128
82 130
82 132
82 134
82 136
82 138
82 140
82 142
82 144
82 146
82 148
82 150
82 152
82 154
82 156
82 158
82 160
82 162
82 164
82 166
82 168
82 170
82 172
82 174
82 176
82 178
82 180
82 182
82 184
82 186
82 188
82 190
82 192
82 194
82 196
82 198
83 0
83 2
83 4
83 6
83 8
83 10
83 12
83 14
83 16
83 18
83 20
83 22
83 24
83 26
83 28
83 30
83 32
83 34
83 36
83 38
83 40
83 42
83 44
83 46
83 48
83 50
83 52
83 54
83 56
83 58
83 60
83 62
83 64
83 66
83 68
83 70
83 72
83 74
83 76
83 78
83 80
83 82
83 84
83 86
83 88
83 90
83 92
83 94
83 96
83 98
83 100
83 102
83 104
83 106
83 108
83 110
83 112
83 114
83 116
83 118
83 120
83 122
83 124
83 126
83 128
83 130
83 132
83 134
83 136
83 138
83 140
83 142
83 144
83 146
83 148
83 150
83 152
83 154
83 156
83 158
83 160
83 162
83 164
83 166
83 168
83 170
83 172
83 174
83 176
83 178
83 180
83 182
83 184
83 186
83 188
83 190
83 192
83 194
83 196
83 198
84 0
84 2
84 4
84 6
84 8
84 10
84 12
84 14
84 16
84 18
84 20
84 22
84 24
84 26
84 28
84 30
84 32
84 34
84 36
84 38
84 40
84 42
84 44
84 46
84 48
84 50
84 52
84 54
84 56
84 58
84 60
84 62
84 64
84 66
84 68
84 70
84 72
84 74
84 76
84 78
84 80
84 82
84 84
84 86
84 88
84 90
84 92
84 94
84 96
84 98
84 100
84 102
84 104
84 106
84 108
84 110
84 112
84 114
84 116
84 118
84 120
84 122
84 124
84 126
84 128
84 130
84 132
84 134
84 136
84 138
84 140
84 142
84 144
84 146
84 148
84 150
84 152
84 154
84 156
84 158
84 160
84 162
84 164
84 166
84 168
84 170
84 172
84 174
84 176
84 178
84 180
84 182
84 184
84 186
84 188
84 190
84 192
84 194
84 196
84 198
85 0
85 2
85 4
85 6
85 8
85 10
85 12
85 14
85 16
85 18
85 20
85 22
85 24
85 26
85 28
85 30
85 32
85 34
85 36
85 38
85 40
85 42
85 44
85 46
85 48
85 50
85 52
85 54
85 56
85 58
85 60
85 62
85 64
85 66
85 68
85 70
85 72
85 74
85 76
85 78
85 80
85 82
85 84
85 86
85 88
85 90
85 92
85 94
85 96
85 98
85 100
85 102
85 104
85 106
85 108
85 110
85 112
85 114
85 116
85 118
85 120
85 122
85 124
85 126
85 128
85 130
85 132
85 134
85 136
85 138
85 140
85 142
85 144
85 146
85 148
85 150
85 152
85 154
85 156
85 158
85 160
85 162
85 164
85 166
85 168
85 170
85 172
85 174
85 176
85 178
85 180
85 182
85 184
85 186
85 188
85 190
85 192
85 194
85 196
85 198
86 0
86 2
86 4
86 6
86 8
86 10
86 12
86 14
86 16
86 18
86 20
86 22
86 24
86 26
86 28
86 30
86 32
86 34
86 36
86 38
86 40
86 42
86 44
86 46
86 48
86 50
86 52
86 54
86 56
86 58
86 60
86 62
86 64
86 66
86 68
86 70
86 72
86 74
86 76
86 78
86 80
86 82
86 84
86 86
86 88
86 90
86 92
86 94
86 96
86 98
86 100
86 102
86 104
86 106
86 108
86 110
86 112
86 114
86 116
86 118
86 120
86 122
86 124
86 126
86 128
86 130
86 132
86 134
86 136
86 138
86 140
86 142
86 144
86 146
86 148
86 150
86 152
86 154
86 156
86 158
86 160
86 162
86 164
86 166
86 168
86 170
86 172
86 174
86 176
86 178
86 180
86 182
86 184
86 186
86 188
86 190
86 192
86 194
86 196
86 198
87 0
87 2
87 4
87 6
87 8
87 10
87 12
87 14
87 16
87 18
87 20
87 22
87 24
87 26
87 28
87 30
87 32
87 34
87 36
87 38
87 40
87 42
87 44
87 46
87 48
87 50
87 52
87 54
87 56
87 58
87 60
87 62
87 64
87 66
87 68
87 70
87 72
87 74
87 76
87 78
87 80
87 82
87 84
87 86
87 88
87 90
87 92
87 94
87 96
87 98
87 100
87 102
87 104
87 106
87 108
87 110
87 112
87 114
87 116
87 118
87 120
87 122
87 124
87 126
87 128
87 130
87 132
87 134
87 136
87 138
87 140
87 142
87 144
87 146
87 148
87 150
87 152
87 154
87 156
87 158
87 160
87 162
87 164
87 166
87 168
87 170
87 172
87 174
87 176
87 178
87 180
87 182
87 184
87 186
87 188
87 190
87 192
87 194
87 196
87 198
88 0
88 2
88 4
88 6
88 8
88 10
88 12
88 14
88 16
88 18
88 20
88 22
88 24
88 26
88 28
88 30
88 32
88 34
88 36
88 38
88 40
88 42
88 44
88 46
88 48
88 50
88 52
88 54
88 56
88 58
88 60
88 62
88 64
88 66
88 68
88 70
88 72
88 74
88 76
88 78
88 80
88 82
88 84
88 86
88 88
88 90
88 92
88 94
88 96
88 98
88 100
88 102
88 104
88 106
88 108
88 110
88 112
88 114
88 116
88 118
88 120
88 122
88 124
88 126
88 128
88 130
88 132
88 134
88 136
88 138
88 140
88 142
88 144
88 146
88 148
88 150
88 152
88 154
88 156
88 158
88 160
88 162
88 164
88 166
88 168
88 170
88 172
88 174
88 176
88 178
88 180
88 182
88 184
88 186
88 188
88 190
88 192
88 194
88 196
88 198
89 0
89 2
89 4
89 6
89 8
89 10
89 12
89 14
89 16
89 18
89 20
89 22
89 24
89 26
89 28
89 30
89 32
89 34
89 36
89 38
89 40
89 42
89 44
89 46
89 48
89 50
89 52
89 54
89 56
89 58
89 60
89 62
89 64
89 66
89 68
89 70
89 72
89 74
89 76
89 78
89 80
89 82
89 84
89 86
89 88
89 90
89 92
89 94
89 96
89 98
89 100
89 102
89 104
89 106
89 108
89 110
89 112
89 114
89 116
89 118
89 120
89 122
89 124
89 126
89 128
89 130
89 132
89 134
89 136
89 138
89 140
89 142
89 144
89 146
89 148
89 150
89 152
89 154
89 156
89 158
89 160
89 162
89 164
89 166
89 168
89 170
89 172
89 174
89 176
89 178
89 180
89 182
89 184
89 186
89 188
89 190
89 192
89 194
89 196
89 198
90 0
90 2
90 4
90 6
90 8
90 10
90 12
90 14
90 16
90 18
90 20
90 22
90 24
90 26
90 28
90 30
90 32
90 34
90 36
90 38
90 40
90 42
90 44
90 46
90 48
90 50
90 52
90 54
90 56
90 58
90 60
90 62
90 64
90 66
90 68
90 70
90 72
90 74
90 76
90 78
90 80
90 82
90 84
90 86
90 88
90 90
90 92
90 94
90 96
90 98
90 100
90 102
90 104
90 106
90 108
90 110
90 112
90 114
90 116
90 118
90 120
90 122
90 124
90 126
90 128
90 130
90 132
90 134
90 136
90 138
90 140
90 142
90 144
90 146
90 148
90 150
90 152
90 154
90 156
90 158
90 160
90 162
90 164
90 166
90 168
90 170
90 172
90 174
90 176
90 178
90 180
90 182
90 184
90 186
90 188
90 190
90 192
90 194
90 196
90 198
91 0
91 2
91 4
91 6
91 8
91 10
91 12
91 14
91 16
91 18
91 20
91 22
91 24
91 26
91 28
91 30
91 32
91 34
91 36
91 38
91 40
91 42
91 44
91 46
91 48
91 50
91 52
91 54
91 56
91 58
91 60
91 62
91 64
91 66
91 68
91 70
91 72
91 74
91 76
91 78
91 80
91 82
91 84
91 86
91 88
91 90
91 92
91 94
91 96
91 98
91 100
91 102
91 104
91 106
91 108
91 110
91 112
91 114
91 116
91 118
91 120
91 122
91 124
91 126
91 128
91 130
91 132
91 134
91 136
91 138
91 140
91 142
91 144
91 146
91 148
91 150
91 152
91 154
91 156
91 158
91 160
91 162
91 164
91 166
91 168
91 170
91 172
91 174
91 176
91 178
91 180
91 182
91 184
91 186
91 188
91 190
91 192
91 194
91 196
91 198
92 0
92 2
92 4
92 6
92 8
92 10
92 12
92 14
92 16
92 18
92 20
92 22
92 24
92 26
92 28
92 30
92 32
92 34
92 36
92 38
92 40
92 42
92 44
92 46
92 48
92 50
92 52
92 54
92 56
92 58
92 60
92 62
92 64
92 66
92 68
92 70
92 72
92 74
92 76
92 78
92 80
92 82
92 84
92 86
92 88
92 90
92 92
92 94
92 96
92 98
92 100
92 102
92 104
92 106
92 108
92 110
92 112
92 114
92 116
92 118
92 120
92 122
92 124
92 126
92 128
92 130
92 132
92 134
92 136
92 138
92 140
92 142
92 144
92 146
92 148
92 150
92 152
92 154
92 156
92 158
92 160
92 162
92 164
92 166
92 168
92 170
92 172
92 174
92 176
92 178
92 180
92 182
92 184
92 186
92 188
92 190
92 192
92 194
92 196
92 198
93 0
93 2
93 4
93 6
93 8
93 10
93 12
93 14
93 16
93 18
93 20
93 22
93 24
93 26
93 28
93 30
93 32
93 34
93 36
93 38
93 40
93 42
93 44
93 46
93 48
93 50
93 52
93 54
93 56
93 58
93 60
93 62
93 64
93 66
93 68
93 70
93 72
93 74
93 76
93 78
93 80
93 82
93 84
93 86
93 88
93 90
93 92
93 94
93 96
93 98
93 100
93 102
93 104
93 106
93 108
93 110
93 112
93 114
93 116
93 118
93 120
93 122
93 124
93 126
93 128
93 130
93 132
93 134
93 136
93 138
93 140
93 142
93 144
93 146
93 148
93 150
93 152
93 154
93 156
93 158
93 160
93 162
93 164
93 166
93 168
93 170
93 172
93 174
93 176
93 178
93 180
93 182
93 184
93 186
93 188
93 190
93 192
93 194
93 196
93 198
94 0
94 2
94 4
94 6
94 8
94 10
94 12
94 14
94 16
94 18
94 20
94 22
94 24
94 26
94 28
94 30
94 32
94 34
94 36
94 38
94 40
94 42
94 44
94 46
94 48
94 50
94 52
94 54
94 56
94 58
94 60
94 62
94 64
94 66
94 68
94 70
94 72
94 74
94 76
94 78
94 80
94 82
94 84
94 86
94 88
94 90
94 92
94 94
94 96
94 98
94 100
94 102
94 104
94 106
94 108
94 110
94 112
94 114
94 116
94 118
94 120
94 122
94 124
94 126
94 128
94 130
94 132
94 134
94 136
94 138
94 140
94 142
94 144
94 146
94 148
94 150
94 152
94 154
94 156
94 158
94 160
94 162
94 164
94 166
94 168
94 170
94 172
94 174
94 176
94 178
94 180
94 182
94 184
94 186
94 188
94 190
94 192
94 194
94 196
94 198
95 0
95 2
95 4
95 6
95 8
95 10
95 12
95 14
95 16
95 18
95 20
95 22
95 24
95 26
95 28
95 30
95 32
95 34
95 36
95 38
95 40
95 42
95 44
95 46
95 48
95 50
95 52
95 54
95 56
95 58
95 60
95 62
95 64
95 66
95 68
95 70
95 72
95 74
95 76
95 78
95 80
95 82
95 84
95 86
95 88
95 90
95 92
95 94
95 96
95 98
95 100
95 102
95 104
95 106
95 108
95 110
95 112
95 114
95 116
95 118
95 120
95 122
95 124
95 126
95 128
95 130
95 132
95 134
95 136
95 138
95 140
95 142
95 144
95 146
95 148
95 150
95 152
95 154
95 156
95 158
95 160
95 162
95 164
95 166
95 168
95 170
95 172
95 174
95 176
95 178
95 180
95 182
95 184
95 186
95 188
95 190
95 192
95 194
95 196
95 198
96 0
96 2
96 4
96 6
96 8
96 10
96 12
96 14
96 16
96 18
96 20
96 22
96 24
96 26
96 28
96 30
96 32
96 34
96 36
96 38
96 40
96 42
96 44
96 46
96 48
96 50
96 52
96 54
96 56
96 58
96 60
96 62
96 64
96 66
96 68
96 70
96 72
96 74
96 76
96 78
96 80
96 82
96 84
96 86
96 88
96 90
96 92
96 94
96 96
96 98
96 100
96 102
96 104
96 106
96 108
96 110
96 112
96 114
96 116
96 118
96 120
96 122
96 124
96 126
96 128
96 130
96 132
96 134
96 136
96 138
96 140
96 142
96 144
96 146
96 148
96 150
96 152
96 154
96 156
96 158
96 160
96 162
96 164
96 166
96 168
96 170
96 172
96 174
96 176
96 178
96 180
96 182
96 184
96 186
96 188
96 190
96 192
96 194
96 196
96 198
97 0
97 2
97 4
97 6
97 8
97 10
97 12
97 14
97 16
97 18
97 20
97 22
97 24
97 26
97 28
97 30
97 32
97 34
97 36
97 38
97 40
97 42
97 44
97 46
97 48
97 50
97 52
97 54
97 56
97 58
97 60
97 62
97 64
97 66
97 68
97 70
97 72
97 74
97 76
97 78
97 80
97 82
97 84
97 86
97 88
97 90
97 92
97 94
97 96
97 98
97 100
97 102
97 104
97 106
97 108
97 110
97 112
97 114
97 116
97 118
97 120
97 122
97 124
97 126
97 128
97 130
97 132
97 134
97 136
97 138
97 140
97 142
97 144
97 146
97 148
97 150
97 152
97 154
97 156
97 158
97 160
97 162
97 164
97 166
97 168
97 170
97 172
97 174
97 176
97 178
97 180
97 182
97 184
97 186
97 188
97 190
97 192
97 194
97 196
97 198
98 0
98 2
98 4
98 6
98 8
98 10
98 12
98 14
98 16
98 18
98 20
98 22
98 24
98 26
98 28
98 30
98 32
98 34
98 36
98 38
98 40
98 42
98 44
98 46
98 48
98 50
98 52
98 54
98 56
98 58
98 60
98 62
98 64
98 66
98 68
98 70
98 72
98 74
98 76
98 78
98 80
98 82
98 84
98 86
98 88
98 90
98 92
98 94
98 96
98 98
98 100
98 102
98 104
98 106
98 108
98 110
98 112
98 114
98 116
98 118
98 120
98 122
98 124
98 126
98 128
98 130
98 132
98 134
98 136
98 138
98 140
98 142
98 144
98 146
98 148
98 150
98 152
98 154
98 156
98 158
98 160
98 162
98 164
98 166
98 168
98 170
98 172
98 174
98 176
98 178
98 180
98 182
98 184
98 186
98 188
98 190
98 192
98 194
98 196
98 198
99 0
99 2
99 4
99 6
99 8
99 10
99 12
99 14
99 16
99 18
99 20
99 22
99 24
99 26
99 28
99 30
99 32
99 34
99 36
99 38
99 40
99 42
99 44
99 46
99 48
99 50
99 52
99 54
99 56
99 58
99 60
99 62
99 64
99 66
99 68
99 70
99 72
99 74
99 76
99 78
99 80
99 82
99 84
99 86
99 88
99 90
99 92
99 94
99 96
99 98
99 100
99 102
99 104
99 106
99 108
99 110
99 112
99 114
99 116
99 118
99 120
99 122
99 124
99 126
99 128
99 130
99 132
99 134
99 136
99 138
99 140
99 142
99 144
99 146
99 148
99 150
99 152
99 154
99 156
99 158
99 160
99 162
99 164
99 166
99 168
99 170
99 172
99 174
99 176
99 178
99 180
99 182
99 184
99 186
99 188
99 190
99 192
99 194
99 196
99 198
