	674
	438
	130
	134
	impossible
	130
	130
	140
	140
	141
	141
	141
	142
	142
	155
	155
	155
	155
	156
	173
	143
	173
	61
	351
	434
	1000000001
	321
	322
	324
	324
	328
	impossible
	1392
	422
	307
	237
	242
	249
	249
	35
	35
	44
	44
	44
	51
	51
	52
	52
	52
	52
	52
	53
	54
	52
	54
	1000000001
	54
	54
	54
	54
	54
	54
	54
	55
	55
	55
	55
	55
	55
	56
	0
	56
	1000000001
	59
	59
	59
	59
	59
	1000000001
	60
	67
	126
	126
	126
	100
	126
	126
	126
	126
	126
	1000000001
	1000000001
	134
	134
	134
	134
	134
	135
	155
	155
